987,1000,999,1003,1003,1004,1004,1007,1009,1018
985,993,995,998,997,1001,1001,1003,1006,1021
1013,1013,1013,1015,1013,1014,1014,1015,1018,1021
1022,1021,1020,1022,1021,1021,1022,1021,1023,1023
913,959,961,961,963,967,970,977,989,1020
896,924,927,931,936,945,956,966,985,1022
975,990,991,991,992,995,1000,1004,1011,1018
968,984,984,984,986,986,995,1000,1008,1021
998,1003,1006,1006,1007,1007,1009,1012,1014,1020
1008,1008,1008,1008,1009,1010,1012,1013,1017,1022
1016,1017,1010,1002,1003,1003,1004,1005,1006,1019
1018,1020,1012,1000,999,1000,1002,1002,1004,1020
1021,1021,1018,1015,1015,1015,1016,1014,1016,1023
1023,1023,1022,1022,1022,1022,1021,1021,1023,1023
1022,1019,1012,964,963,967,973,976,984,1022
1020,1019,1012,940,943,950,967,971,982,1023
1017,1018,1014,995,996,998,1004,1004,1009,1020
1021,1018,1015,992,991,992,999,1002,1007,1021
1019,1019,1016,1010,1009,1010,1013,1014,1015,1021
1019,1020,1017,1012,1010,1011,1015,1014,1016,1022
1018,1017,1011,1003,1001,1002,1003,1004,1004,1019
1020,1019,1011,999,1000,999,1002,1000,1004,1019
1020,1020,1019,1014,1015,1014,1016,1016,1017,1020
1023,1023,1022,1021,1021,1020,1023,1022,1021,1023
1020,1018,1011,964,967,968,974,976,984,1020
1018,1020,1013,933,947,950,963,969,983,1021
1018,1016,1014,995,998,997,1003,1005,1009,1019
1021,1020,1014,990,992,991,999,1002,1006,1021
1019,1020,1016,1007,1010,1008,1011,1012,1016,1019
1020,1019,1016,1010,1011,1012,1014,1014,1016,1021
1018,1018,1009,1003,1002,1003,1002,1003,1005,1019
1020,1017,1009,998,1000,999,1002,1001,1003,1020
1021,1021,1017,1015,1012,1015,1015,1015,1016,1022
1023,1023,1020,1022,1021,1022,1020,1021,1022,1023
1020,1020,1010,963,966,966,973,976,982,1022
1019,1018,1009,933,943,945,961,970,981,1023
1017,1018,1013,995,997,997,1005,1005,1009,1019
1022,1018,1013,989,993,992,999,1001,1006,1022
1021,1017,1014,1008,1009,1007,1011,1013,1015,1021
1019,1021,1016,1011,1011,1011,1015,1014,1016,1020
1018,1018,1012,1002,1002,1003,1003,1005,1005,1018
1018,1015,1010,999,1000,999,1002,1002,1004,1020
1020,1021,1019,1014,1014,1013,1016,1015,1017,1021
1023,1023,1022,1020,1022,1022,1021,1022,1022,1023
1017,1019,1009,960,963,964,969,974,982,1023
1021,1021,1009,926,938,942,958,968,979,1022
1015,1018,1013,992,997,997,1003,1003,1008,1019
1021,1020,1012,987,992,990,998,1000,1005,1021
1018,1020,1016,1008,1009,1008,1012,1013,1014,1020
1020,1021,1017,1009,1010,1011,1015,1014,1017,1021
1020,1017,1009,1003,1002,1003,1003,1005,1004,1020
1021,1019,1010,998,999,999,1001,1001,1005,1019
1022,1021,1018,1014,1014,1015,1013,1014,1016,1022
1023,1022,1021,1021,1021,1022,1023,1021,1022,1023
1021,1019,1009,959,961,963,971,975,981,1021
1021,1021,1011,924,936,941,958,965,979,1021
1020,1016,1011,992,997,997,1002,1006,1009,1020
1018,1020,1012,988,991,989,999,1002,1006,1022
1019,1019,1016,1005,1008,1008,1012,1011,1016,1018
1020,1019,1016,1008,1011,1011,1013,1014,1017,1021
1018,1019,1009,1002,1001,1002,1003,1004,1004,1020
1020,1020,1008,999,998,999,1002,1001,1003,1019
1021,1021,1017,1012,1013,1015,1014,1014,1015,1020
1023,1022,1019,1020,1019,1021,1020,1021,1021,1023
1020,1019,1008,959,957,962,969,972,978,1022
1022,1020,1010,920,931,940,956,965,977,1023
1017,1018,1012,992,996,997,1003,1004,1009,1019
1021,1022,1012,989,991,990,998,1002,1006,1021
1020,1020,1016,1006,1007,1008,1012,1013,1015,1022
1022,1020,1017,1010,1011,1013,1014,1013,1016,1021
1020,1017,1011,1002,1001,1002,1003,1003,1006,1019
1021,1018,1011,998,999,1000,1002,1001,1004,1019
1021,1020,1019,1013,1013,1013,1014,1015,1015,1022
1023,1022,1019,1021,1021,1021,1021,1021,1022,1023
1021,1020,1009,956,957,961,967,970,980,1019
1020,1019,1011,919,930,937,955,964,975,1022
1017,1018,1012,992,996,996,1003,1006,1008,1021
1019,1020,1012,986,988,991,1000,1001,1008,1022
1021,1019,1016,1006,1007,1008,1013,1011,1015,1021
1020,1021,1017,1011,1012,1011,1013,1014,1015,1021
1019,1018,1012,1002,1001,1002,1003,1003,1004,1018
1021,1018,1010,998,999,1001,1001,1002,1003,1020
1022,1021,1017,1011,1012,1014,1014,1015,1017,1022
1023,1023,1021,1023,1022,1019,1022,1021,1022,1022
1023,1018,1008,959,958,962,970,971,979,1022
1021,1019,1012,919,932,940,956,966,976,1023
1018,1019,1012,992,997,997,1002,1005,1010,1019
1022,1020,1012,987,991,990,1000,999,1008,1020
1021,1019,1015,1007,1007,1008,1012,1013,1014,1020
1021,1021,1016,1011,1012,1012,1014,1015,1016,1022
1019,1019,1010,1002,1002,1002,1003,1005,1004,1019
1021,1021,1009,998,999,999,1001,1002,1006,1020
1020,1021,1018,1013,1013,1015,1015,1015,1016,1020
1023,1023,1021,1022,1021,1023,1021,1022,1021,1023
1019,1019,1009,957,959,960,969,973,978,1022
1023,1022,1010,919,933,938,954,964,976,1023
1017,1017,1012,992,996,997,1003,1005,1010,1017
1021,1019,1015,988,990,990,999,1002,1006,1022
1020,1019,1017,1006,1008,1008,1011,1013,1014,1022
1021,1021,1015,1010,1011,1011,1013,1014,1017,1021
1020,1020,1009,1002,1002,1002,1003,1004,1005,1019
1022,1021,1010,999,1000,1000,1003,1002,1004,1018
1023,1021,1019,1012,1013,1015,1015,1015,1016,1022
1023,1023,1021,1021,1022,1022,1020,1022,1022,1023
1022,1021,1011,959,960,962,968,972,980,1022
1022,1021,1010,921,933,938,957,964,978,1022
1020,1018,1014,992,995,995,1002,1006,1008,1019
1022,1021,1015,987,989,991,997,1000,1005,1022
1020,1020,1015,1006,1008,1007,1012,1011,1016,1021
1020,1021,1016,1012,1011,1010,1014,1014,1017,1021
1019,1019,1010,1002,1001,1001,1003,1004,1006,1017
1021,1019,1010,999,999,999,1001,1002,1003,1020
1022,1021,1018,1013,1013,1014,1014,1016,1016,1023
1023,1023,1021,1020,1022,1022,1021,1020,1022,1023
1022,1022,1007,958,957,961,970,971,979,1021
1023,1022,1011,921,930,937,954,964,975,1021
1018,1018,1014,992,994,998,1001,1005,1009,1019
1021,1020,1012,986,990,991,997,1000,1007,1022
1019,1020,1015,1005,1009,1008,1013,1012,1015,1020
1021,1019,1017,1011,1011,1011,1013,1015,1016,1020
1021,1018,1011,1001,1000,1003,1003,1006,1004,1019
1021,1019,1010,999,999,1002,1001,1001,1003,1019
1021,1022,1016,1011,1014,1013,1013,1013,1016,1021
1023,1023,1021,1022,1021,1020,1022,1021,1022,1021
1023,1020,1010,957,958,962,968,974,978,1021
1023,1022,1012,920,929,939,953,965,976,1023
1016,1019,1012,991,996,995,1003,1004,1009,1019
1020,1021,1013,988,989,991,1000,1002,1007,1019
1022,1019,1017,1006,1006,1007,1010,1012,1013,1019
1021,1020,1017,1009,1010,1012,1014,1014,1015,1020
1020,1019,1012,1000,1002,1003,1004,1005,1005,1020
1021,1020,1011,999,1001,1001,1002,1004,1006,1019
1021,1020,1015,1013,1013,1014,1015,1015,1017,1020
1023,1022,1021,1022,1021,1022,1021,1022,1021,1022
1022,1021,1010,957,956,961,967,974,978,1022
1019,1023,1011,919,931,938,956,966,975,1022
1019,1018,1012,991,995,996,1002,1007,1008,1018
1023,1021,1015,988,990,991,999,1002,1005,1022
1020,1021,1017,1007,1008,1009,1012,1013,1015,1021
1021,1021,1017,1010,1011,1010,1015,1014,1016,1020
1021,1019,1011,1001,1003,1001,1004,1003,1005,1018
1019,1018,1010,1000,998,1001,1004,1003,1005,1019
1020,1021,1019,1014,1013,1014,1014,1015,1015,1022
1023,1023,1022,1022,1021,1022,1022,1022,1022,1023
1020,1022,1010,955,958,960,969,972,980,1022
1023,1020,1010,920,930,937,956,968,977,1021
1018,1017,1012,992,994,995,1002,1007,1008,1019
1019,1021,1014,986,990,991,999,1000,1005,1022
1020,1020,1014,1006,1007,1007,1013,1013,1016,1021
1021,1021,1016,1010,1010,1011,1011,1015,1016,1021
1020,1018,1010,1002,1001,1001,1004,1006,1006,1020
1021,1021,1012,1000,998,1000,1001,1003,1003,1021
1022,1021,1018,1013,1013,1014,1015,1015,1017,1020
1023,1023,1020,1022,1021,1020,1022,1022,1023,1023
1023,1021,1009,956,957,960,966,973,979,1021
1021,1019,1011,917,927,936,954,968,974,1021
1019,1020,1013,991,994,995,1002,1005,1007,1022
1019,1021,1014,987,988,989,999,1000,1006,1021
1023,1019,1013,1007,1008,1008,1011,1015,1016,1018
1021,1020,1017,1010,1010,1011,1013,1015,1016,1021
1020,1018,1011,1002,1001,1002,1002,1006,1005,1019
1021,1020,1011,1000,1000,1001,1004,1004,1004,1020
1022,1021,1018,1012,1014,1012,1015,1014,1017,1022
1023,1023,1021,1021,1022,1021,1020,1021,1022,1023
1019,1019,1008,956,955,961,967,974,979,1021
1020,1021,1009,918,927,937,954,967,974,1023
1018,1018,1014,991,994,993,1003,1003,1008,1019
1021,1021,1013,987,990,990,998,1002,1007,1022
1021,1019,1016,1007,1007,1009,1012,1013,1015,1020
1021,1019,1018,1010,1011,1010,1015,1014,1014,1021
1021,1019,1012,1002,1001,1002,1003,1005,1004,1019
1022,1020,1011,1000,1000,999,1004,1003,1006,1019
1022,1021,1018,1013,1016,1014,1015,1016,1018,1021
1023,1023,1020,1022,1021,1023,1021,1022,1022,1023
1021,1019,1009,957,958,961,969,974,977,1020
1020,1021,1011,921,931,935,956,967,975,1022
1019,1019,1013,990,995,995,1001,1004,1008,1019
1021,1020,1013,988,986,989,996,1003,1005,1020
1019,1019,1017,1006,1008,1008,1014,1013,1014,1020
1021,1022,1016,1008,1011,1010,1014,1014,1016,1022
1021,1018,1011,1001,1002,1001,1005,1005,1006,1019
1022,1020,1010,1001,1000,1001,1001,1004,1007,1020
1021,1020,1017,1014,1013,1013,1014,1016,1016,1020
1023,1022,1022,1021,1022,1021,1023,1022,1021,1023
1023,1021,1011,957,958,961,968,974,978,1022
1023,1022,1011,921,931,938,954,967,976,1021
1019,1018,1012,991,994,995,1001,1006,1009,1019
1022,1019,1013,988,989,988,998,1001,1003,1021
1019,1020,1015,1006,1009,1008,1012,1011,1015,1020
1022,1022,1015,1010,1010,1011,1013,1014,1017,1020
1019,1019,1011,1002,1002,1004,1002,1006,1007,1019
1019,1018,1011,1001,1000,1000,1003,1004,1004,1020
1020,1022,1019,1013,1015,1013,1016,1015,1016,1021
1023,1023,1021,1021,1022,1022,1022,1021,1023,1023
1022,1021,1009,958,958,962,967,974,977,1021
1023,1020,1010,922,929,938,954,969,976,1022
1017,1016,1014,991,995,994,1002,1005,1008,1021
1020,1021,1013,987,989,990,999,1001,1005,1022
1021,1021,1015,1007,1008,1008,1011,1013,1017,1019
1022,1021,1016,1010,1010,1010,1013,1016,1017,1022
1021,1017,1011,1002,1002,1002,1002,1007,1005,1018
1020,1019,1011,1000,1000,999,1003,1004,1006,1021
1023,1022,1018,1013,1014,1014,1015,1014,1017,1021
1023,1023,1021,1022,1022,1023,1022,1022,1022,1022
1021,1020,1009,958,957,961,967,975,978,1021
1021,1021,1011,921,930,937,955,968,974,1023
1018,1018,1012,990,993,995,1003,1005,1007,1019
1023,1022,1014,987,988,989,997,1001,1005,1021
1021,1020,1016,1008,1007,1008,1012,1013,1015,1020
1020,1020,1016,1009,1011,1009,1015,1016,1016,1022
1020,1018,1011,1001,1002,1003,1004,1006,1006,1021
1022,1020,1011,999,1000,1001,1003,1003,1005,1020
1023,1021,1017,1013,1013,1014,1015,1015,1016,1020
1022,1023,1021,1021,1021,1021,1021,1021,1020,1023
1019,1020,1011,955,956,960,968,974,978,1021
1022,1020,1010,919,930,936,956,968,975,1023
1019,1019,1013,990,993,996,1001,1005,1008,1020
1022,1021,1014,987,989,989,998,1002,1003,1021
1020,1018,1015,1005,1008,1007,1014,1014,1015,1021
1020,1021,1016,1008,1009,1010,1014,1013,1016,1021
1021,1020,1010,1002,1002,1003,1005,1006,1006,1020
1022,1020,1010,1001,1000,1000,1003,1003,1006,1020
1020,1020,1016,1015,1013,1014,1015,1015,1017,1021
1023,1023,1020,1022,1022,1020,1020,1021,1021,1023
1021,1021,1010,955,957,960,968,974,977,1021
1023,1022,1010,919,926,937,956,968,975,1023
1018,1018,1012,990,994,994,1002,1004,1008,1020
1022,1021,1014,985,988,990,997,1002,1006,1021
1019,1020,1016,1005,1006,1007,1011,1014,1015,1021
1022,1020,1015,1010,1010,1010,1014,1014,1015,1022
1021,1020,1011,1002,1002,1003,1004,1005,1006,1020
1023,1020,1010,1000,999,1002,1002,1003,1006,1021
1022,1019,1018,1014,1014,1014,1015,1016,1017,1020
1023,1023,1022,1021,1023,1021,1023,1022,1022,1023
1021,1020,1009,956,957,961,968,972,977,1022
1022,1022,1010,920,927,937,953,966,974,1021
1018,1018,1012,991,995,995,1001,1007,1009,1019
1022,1020,1015,986,989,988,997,1001,1004,1023
1019,1019,1015,1007,1007,1008,1012,1013,1015,1021
1021,1022,1015,1010,1008,1010,1014,1014,1018,1019
1019,1020,1010,1002,1002,1003,1004,1005,1006,1020
1019,1018,1010,999,1001,1000,1002,1005,1005,1020
1020,1020,1019,1013,1013,1013,1015,1016,1015,1021
1023,1023,1020,1021,1021,1023,1022,1021,1023,1023
1022,1020,1009,956,957,960,965,972,977,1021
1023,1021,1012,917,928,936,953,968,974,1022
1017,1019,1014,990,993,995,1003,1005,1008,1021
1020,1020,1013,986,987,989,999,1001,1006,1020
1019,1018,1015,1007,1008,1009,1010,1015,1015,1020
1022,1021,1016,1008,1011,1009,1013,1015,1016,1021
1019,1018,1010,1001,1002,1002,1004,1006,1006,1019
1021,1019,1012,999,1000,999,1004,1004,1005,1022
1022,1023,1018,1013,1013,1014,1016,1014,1015,1020
1023,1022,1020,1022,1022,1022,1021,1022,1022,1022
1022,1019,1010,954,957,958,965,973,977,1021
1021,1021,1012,915,926,935,953,966,972,1023
1017,1020,1012,991,992,994,1003,1006,1008,1019
1022,1022,1014,986,988,989,997,1002,1006,1020
1019,1019,1017,1005,1008,1007,1013,1014,1014,1022
1020,1021,1017,1009,1010,1010,1014,1015,1016,1021
1020,1018,1009,1001,1002,1002,1003,1005,1005,1020
1022,1020,1010,999,999,1000,1003,1003,1006,1020
1022,1021,1018,1013,1013,1016,1016,1016,1017,1020
1023,1023,1020,1022,1022,1020,1022,1021,1022,1023
1021,1020,1011,954,955,959,967,973,977,1023
1020,1021,1011,917,924,935,955,966,974,1022
1018,1020,1011,990,993,994,1001,1005,1008,1019
1022,1019,1014,984,988,989,996,1001,1004,1022
1020,1019,1016,1006,1006,1006,1013,1014,1016,1020
1021,1021,1016,1009,1008,1009,1013,1014,1016,1022
1020,1018,1011,1001,1002,1001,1003,1005,1005,1020
1021,1018,1010,1000,998,1001,1005,1004,1006,1021
1021,1022,1017,1015,1012,1015,1016,1016,1018,1020
1023,1023,1021,1021,1022,1021,1021,1022,1022,1023
1021,1018,1010,954,957,959,966,974,977,1022
1020,1022,1012,917,925,933,953,966,974,1023
1018,1017,1012,991,993,995,1001,1005,1007,1020
1021,1021,1013,984,986,989,996,1002,1005,1023
1020,1019,1015,1006,1007,1006,1010,1013,1014,1021
1022,1021,1016,1010,1010,1009,1013,1014,1016,1020
1021,1019,1011,1001,1000,1003,1004,1005,1006,1020
1021,1019,1011,1001,999,1001,1003,1004,1005,1020
1021,1018,1017,1012,1013,1013,1014,1016,1016,1022
1023,1022,1021,1021,1022,1021,1022,1022,1021,1023
1020,1020,1010,955,956,959,967,972,977,1022
1023,1021,1010,919,924,935,953,966,974,1023
1018,1018,1012,990,994,996,1001,1005,1008,1020
1020,1019,1015,985,987,988,998,1002,1004,1022
1019,1018,1015,1006,1007,1006,1014,1013,1016,1020
1021,1020,1015,1008,1009,1010,1012,1014,1016,1020
1020,1018,1010,1002,1002,1002,1004,1005,1006,1019
1021,1019,1011,998,1000,1000,1002,1003,1004,1022
1022,1020,1018,1014,1013,1012,1015,1016,1016,1021
1023,1023,1020,1022,1022,1021,1022,1021,1022,1023
1019,1020,1009,954,954,958,966,972,977,1021
1022,1022,1011,916,925,935,951,966,974,1023
1016,1017,1013,991,993,993,1001,1005,1006,1019
1018,1021,1012,986,987,987,999,1000,1005,1020
1020,1021,1016,1005,1006,1008,1012,1013,1015,1020
1022,1021,1017,1008,1011,1010,1012,1014,1016,1022
1021,1018,1009,1000,1002,1003,1004,1005,1006,1020
1021,1018,1009,1000,1000,1000,1003,1003,1005,1019
1023,1021,1017,1013,1013,1013,1016,1015,1015,1021
1023,1023,1020,1022,1021,1022,1021,1020,1023,1022
1020,1020,1010,954,955,960,967,972,977,1021
1021,1019,1012,916,925,934,953,967,973,1023
1017,1018,1011,992,992,993,1002,1005,1008,1018
1020,1021,1013,985,986,989,998,999,1004,1022
1022,1019,1016,1003,1008,1008,1011,1013,1013,1023
1022,1020,1016,1010,1011,1009,1013,1015,1015,1020
1019,1018,1011,1002,1002,1001,1004,1006,1005,1021
1020,1019,1011,999,1000,999,1003,1005,1005,1020
1022,1021,1017,1013,1012,1013,1013,1015,1017,1021
1023,1023,1023,1023,1023,1023,1022,1022,1021,1023
1021,1019,1010,955,953,959,965,973,976,1023
1021,1021,1010,916,922,932,952,966,973,1023
1018,1019,1012,991,993,994,1004,1004,1008,1018
1021,1020,1014,984,985,989,998,1003,1005,1022
1022,1018,1014,1006,1007,1007,1012,1014,1015,1021
1022,1022,1015,1010,1010,1010,1013,1014,1017,1021
1019,1019,1010,1003,1002,1001,1004,1005,1005,1020
1021,1020,1010,999,999,1000,1003,1003,1006,1021
1022,1021,1018,1014,1013,1014,1015,1015,1016,1021
1023,1023,1023,1022,1023,1022,1021,1023,1020,1023
1021,1020,1007,954,955,958,966,973,977,1023
1019,1022,1011,916,923,932,954,965,973,1021
1019,1020,1013,989,991,995,1001,1004,1009,1019
1022,1020,1014,984,985,986,998,1002,1003,1023
1021,1020,1014,1007,1008,1007,1012,1014,1015,1020
1019,1022,1015,1010,1009,1010,1014,1014,1017,1020
1018,1020,1009,1002,1001,1002,1005,1005,1007,1020
1023,1021,1011,1000,999,1000,1002,1004,1005,1020
1022,1020,1019,1013,1014,1014,1016,1015,1016,1022
1023,1023,1020,1021,1022,1021,1022,1022,1023,1023
1021,1022,1009,954,954,957,966,971,977,1021
1022,1021,1010,915,921,934,953,965,973,1022
1019,1017,1013,989,991,994,1001,1006,1008,1020
1021,1020,1011,986,988,987,998,1002,1004,1021
1019,1021,1014,1006,1005,1007,1013,1012,1016,1019
1021,1020,1018,1009,1010,1010,1014,1015,1015,1020
1019,1017,1011,1001,1001,1003,1003,1006,1005,1021
1020,1018,1010,1000,1000,1001,1003,1005,1006,1021
1019,1022,1017,1015,1014,1012,1016,1015,1018,1020
1023,1023,1023,1021,1020,1022,1022,1022,1021,1023
1020,1018,1009,951,953,958,964,972,976,1020
1022,1019,1010,914,923,932,952,966,973,1023
1017,1018,1012,991,993,992,1000,1004,1007,1019
1020,1020,1014,986,985,988,998,1001,1006,1022
1021,1018,1016,1006,1007,1008,1011,1015,1015,1021
1022,1022,1017,1009,1011,1010,1013,1013,1015,1021
1018,1018,1010,1000,1002,1002,1002,1006,1006,1018
1021,1019,1009,1002,1001,1000,1003,1004,1004,1021
1022,1021,1018,1013,1013,1014,1016,1013,1017,1022
1023,1022,1023,1020,1020,1021,1022,1022,1021,1023
1023,1020,1009,953,955,958,964,972,978,1021
1021,1022,1008,914,923,932,953,965,974,1023
1018,1019,1012,992,992,992,1001,1004,1008,1020
1022,1022,1014,986,985,988,997,1002,1005,1022
1020,1020,1017,1005,1007,1008,1012,1014,1015,1020
1020,1022,1016,1009,1010,1009,1015,1014,1015,1021
1016,1018,1010,1003,1002,1003,1004,1005,1007,1018
1021,1019,1009,1000,999,1001,1003,1004,1006,1020
1021,1021,1019,1013,1013,1014,1014,1015,1016,1022
1023,1023,1022,1021,1021,1022,1021,1021,1022,1023
1023,1019,1009,953,953,958,967,971,978,1022
1022,1022,1012,916,922,934,952,966,973,1020
1018,1017,1013,991,993,996,1002,1007,1007,1020
1020,1019,1013,983,986,987,997,1001,1007,1022
1021,1018,1015,1006,1006,1007,1012,1013,1015,1020
1023,1020,1017,1010,1009,1009,1013,1015,1015,1021
1018,1017,1011,1001,1001,1003,1004,1005,1006,1018
1021,1018,1011,999,999,1001,1002,1005,1005,1021
1021,1022,1017,1013,1014,1014,1014,1014,1016,1022
1023,1023,1020,1022,1020,1021,1023,1023,1023,1023
1023,1018,1010,954,954,958,966,973,977,1021
1021,1020,1012,914,922,933,952,967,972,1021
1017,1018,1011,989,992,993,1003,1005,1008,1020
1020,1021,1014,987,987,987,999,1000,1006,1023
1021,1017,1016,1007,1005,1009,1011,1014,1015,1019
1020,1022,1016,1008,1009,1010,1013,1014,1015,1021
1017,1019,1010,1000,1001,1002,1004,1006,1006,1020
1021,1019,1009,1000,1000,1001,1003,1003,1007,1020
1022,1021,1018,1013,1014,1014,1015,1015,1017,1023
1023,1023,1021,1021,1020,1022,1021,1023,1021,1022
1022,1020,1010,953,954,958,965,972,975,1021
1021,1022,1010,913,922,933,952,965,973,1023
1018,1018,1014,991,991,994,1003,1004,1008,1019
1022,1018,1015,987,988,988,997,1002,1005,1020
1020,1020,1014,1005,1007,1009,1012,1013,1016,1020
1021,1023,1015,1008,1009,1010,1013,1014,1015,1021
1017,1019,1009,1001,1001,1002,1005,1005,1007,1019
1021,1018,1011,1000,999,1000,1003,1004,1007,1019
1022,1020,1019,1013,1013,1013,1014,1016,1016,1021
1023,1023,1021,1021,1021,1022,1021,1021,1021,1023
1018,1021,1008,951,954,956,966,971,976,1023
1023,1021,1011,913,919,931,952,966,974,1023
1016,1017,1014,990,992,993,1001,1006,1006,1015
1020,1019,1013,984,985,988,997,1003,1004,1021
1019,1021,1015,1005,1006,1007,1012,1011,1015,1021
1022,1021,1015,1010,1009,1009,1012,1014,1016,1021
1018,1017,1010,1003,1000,1002,1004,1006,1006,1020
1021,1019,1012,999,999,1001,1003,1005,1006,1019
1020,1021,1018,1012,1013,1014,1015,1014,1017,1021
1023,1023,1020,1022,1023,1020,1022,1021,1022,1023
1023,1019,1009,953,952,956,965,971,976,1022
1023,1020,1011,913,920,931,950,966,972,1022
1016,1018,1013,990,992,994,1002,1006,1008,1020
1020,1022,1014,986,987,988,998,1001,1004,1022
1021,1019,1015,1007,1007,1006,1011,1013,1016,1019
1021,1019,1016,1009,1010,1011,1013,1015,1016,1021
1017,1017,1010,1002,1001,1002,1003,1006,1005,1020
1020,1020,1012,1000,1000,1002,1003,1005,1005,1020
1022,1023,1018,1014,1015,1015,1016,1015,1016,1022
1023,1023,1021,1022,1021,1021,1021,1022,1022,1023
1022,1020,1011,953,952,957,963,972,975,1022
1020,1021,1010,913,918,932,951,965,973,1020
1017,1019,1011,990,993,993,1003,1004,1007,1020
1021,1022,1013,986,986,987,998,1001,1006,1023
1021,1018,1015,1005,1007,1009,1012,1014,1016,1020
1021,1021,1018,1010,1009,1010,1014,1014,1016,1021
1017,1018,1011,1001,1001,1003,1003,1005,1004,1018
1023,1021,1011,1000,1001,1000,1003,1003,1005,1020
1022,1019,1017,1016,1015,1014,1016,1016,1018,1022
1023,1023,1022,1021,1022,1023,1020,1022,1023,1023
1021,1021,1010,953,953,957,965,972,974,1021
1020,1021,1011,913,921,929,951,965,972,1023
1018,1019,1013,991,991,994,1002,1004,1007,1019
1020,1020,1014,985,985,987,997,1002,1006,1020
1020,1019,1016,1006,1007,1007,1012,1013,1016,1021
1019,1022,1016,1008,1010,1010,1014,1014,1014,1021
1019,1020,1010,1001,1002,1002,1003,1005,1006,1018
1022,1020,1010,1001,1000,1000,1003,1004,1006,1021
1021,1020,1019,1015,1015,1014,1016,1016,1017,1022
1022,1023,1022,1021,1021,1022,1023,1021,1022,1023
1022,1022,1010,951,953,957,964,972,975,1023
1023,1023,1011,913,920,930,951,964,972,1023
1018,1017,1013,991,991,994,1002,1005,1008,1019
1019,1021,1015,985,986,988,998,1001,1007,1021
1020,1019,1015,1007,1007,1006,1011,1013,1015,1019
1021,1021,1015,1009,1009,1011,1014,1015,1015,1021
1018,1019,1011,1002,1003,1000,1004,1003,1005,1020
1020,1020,1009,1000,1001,1000,1003,1004,1006,1021
1020,1020,1019,1016,1013,1016,1013,1016,1018,1020
1022,1021,1022,1022,1021,1021,1022,1022,1022,1023
1018,1019,1009,950,952,955,964,971,974,1022
1023,1022,1010,912,918,930,951,964,972,1021
1017,1016,1012,989,992,994,1002,1005,1008,1020
1022,1020,1014,985,984,985,996,1001,1004,1021
1018,1021,1015,1006,1007,1005,1011,1014,1014,1020
1022,1022,1015,1010,1010,1012,1014,1014,1016,1022
1018,1020,1010,1001,1002,1001,1004,1005,1006,1019
1021,1018,1009,1001,999,1001,1002,1005,1007,1020
1020,1020,1018,1014,1014,1015,1016,1017,1017,1021
1023,1023,1022,1021,1022,1021,1023,1022,1020,1023
1023,1020,1009,951,952,956,964,970,975,1023
1022,1020,1011,911,917,930,950,963,972,1023
1017,1017,1014,990,991,992,1002,1006,1008,1018
1020,1020,1014,984,986,987,999,1003,1005,1021
1021,1020,1014,1006,1007,1008,1013,1012,1014,1021
1022,1020,1018,1009,1007,1010,1013,1014,1014,1020
1015,1019,1010,1002,1001,1003,1003,1005,1006,1020
1021,1019,1010,1000,999,1000,1002,1005,1006,1019
1021,1021,1017,1012,1015,1013,1015,1016,1016,1022
1023,1023,1020,1021,1021,1022,1021,1020,1022,1023
1022,1019,1009,952,948,957,964,970,975,1022
1022,1021,1013,912,916,928,949,965,971,1019
1017,1018,1013,991,992,995,1003,1006,1009,1020
1021,1022,1012,986,986,988,999,1001,1006,1023
1023,1019,1017,1007,1006,1008,1010,1013,1015,1019
1021,1020,1018,1009,1009,1010,1013,1015,1016,1019
1018,1018,1012,1001,1002,1001,1004,1005,1006,1018
1021,1020,1011,999,1000,1000,1005,1006,1006,1021
1022,1023,1016,1015,1014,1014,1015,1015,1018,1022
1023,1022,1021,1021,1020,1023,1019,1020,1021,1022
1020,1019,1011,953,951,956,965,971,974,1020
1021,1023,1012,910,918,929,951,965,971,1023
1018,1020,1013,991,991,995,1002,1005,1008,1019
1022,1020,1013,986,984,988,998,1002,1006,1020
1019,1020,1015,1007,1008,1007,1011,1013,1014,1020
1021,1020,1018,1008,1010,1010,1014,1014,1015,1022
1019,1019,1010,1000,1002,1002,1005,1006,1006,1021
1021,1021,1012,1001,999,1000,1002,1004,1005,1019
1022,1022,1018,1014,1014,1016,1015,1016,1018,1021
1023,1023,1021,1021,1022,1021,1022,1022,1022,1022
1023,1022,1011,952,951,955,963,970,973,1021
1023,1021,1010,912,916,930,950,963,971,1021
1020,1018,1013,990,991,994,1001,1005,1008,1019
1023,1020,1016,984,986,985,996,1001,1004,1021
1018,1020,1016,1006,1006,1007,1013,1013,1015,1020
1022,1020,1017,1010,1009,1010,1014,1014,1016,1021
1017,1020,1010,1003,1001,1003,1003,1004,1006,1019
1019,1019,1012,1001,998,1001,1002,1004,1005,1019
1019,1021,1018,1013,1013,1013,1015,1017,1017,1021
1022,1023,1021,1021,1021,1021,1022,1022,1021,1023
1020,1020,1009,953,952,958,965,971,975,1021
1023,1021,1012,911,917,929,949,964,972,1022
1018,1018,1014,989,992,992,1001,1006,1007,1019
1020,1020,1013,984,985,988,999,1001,1006,1022
1020,1019,1014,1008,1006,1007,1011,1014,1016,1019
1022,1019,1016,1009,1011,1010,1012,1014,1017,1021
1018,1019,1012,1001,1002,1002,1004,1006,1006,1020
1021,1020,1011,1000,1002,1000,1003,1005,1005,1021
1022,1021,1019,1015,1014,1015,1017,1016,1018,1022
1023,1022,1021,1023,1021,1022,1023,1020,1022,1023
1022,1020,1009,951,953,957,963,970,975,1021
1021,1021,1012,912,919,928,949,965,970,1022
1018,1019,1013,990,991,993,1001,1004,1008,1020
1022,1021,1014,985,984,987,998,1000,1004,1021
1020,1019,1016,1006,1008,1008,1011,1013,1016,1020
1020,1020,1017,1009,1010,1010,1013,1014,1016,1022
1014,1020,1009,1000,1003,1002,1003,1005,1004,1020
1021,1021,1010,999,999,1000,1003,1005,1006,1021
1022,1020,1019,1016,1013,1014,1016,1016,1018,1021
1023,1022,1021,1021,1022,1022,1022,1021,1022,1023
1020,1022,1010,950,950,955,963,971,975,1022
1021,1021,1012,910,916,928,949,965,971,1023
1019,1018,1012,990,991,995,1003,1004,1007,1019
1023,1021,1013,983,985,987,997,1001,1004,1021
1019,1019,1017,1006,1007,1008,1012,1013,1014,1022
1021,1021,1016,1010,1009,1008,1014,1014,1015,1021
1019,1019,1009,1001,1001,1002,1004,1005,1005,1020
1023,1019,1010,1001,998,1000,1003,1002,1003,1019
1022,1020,1018,1014,1016,1014,1015,1017,1017,1021
1023,1023,1022,1020,1022,1021,1020,1022,1021,1023
1022,1022,1010,951,951,955,963,970,973,1022
1023,1021,1011,911,915,928,951,964,971,1022
1019,1018,1011,989,990,994,1002,1005,1008,1020
1021,1020,1014,984,984,987,997,1001,1003,1023
1020,1018,1014,1007,1007,1007,1012,1014,1013,1019
1022,1021,1016,1009,1008,1010,1013,1014,1017,1020
1018,1019,1010,1002,1001,1004,1005,1006,1004,1019
1019,1019,1009,1000,999,999,1002,1004,1006,1019
1020,1021,1020,1014,1016,1014,1016,1015,1015,1022
1023,1023,1021,1022,1020,1020,1022,1022,1021,1023
1022,1022,1007,951,952,955,964,969,975,1020
1022,1022,1011,910,916,930,950,963,972,1022
1017,1018,1014,990,991,994,1001,1007,1006,1021
1021,1021,1013,985,985,986,997,1002,1005,1019
1020,1021,1016,1006,1006,1006,1014,1012,1015,1020
1021,1019,1017,1009,1009,1010,1013,1015,1016,1023
1015,1018,1011,1001,1002,1002,1003,1005,1006,1020
1021,1020,1011,1000,1000,1000,1003,1004,1004,1020
1022,1022,1020,1016,1014,1015,1017,1017,1017,1020
1023,1023,1021,1020,1021,1023,1021,1021,1023,1023
1019,1019,1010,949,952,955,963,971,974,1022
1022,1021,1014,911,916,929,949,965,969,1023
1018,1017,1012,991,990,993,1002,1006,1008,1019
1023,1021,1013,983,984,987,997,1001,1005,1023
1019,1019,1018,1005,1007,1008,1012,1013,1014,1021
1020,1021,1016,1010,1010,1010,1014,1014,1015,1020
1019,1018,1011,1003,1002,1002,1003,1006,1005,1019
1021,1018,1009,1001,999,1000,1003,1003,1005,1018
1021,1022,1019,1014,1014,1014,1016,1015,1017,1021
1022,1022,1022,1022,1023,1022,1021,1023,1021,1023
1021,1021,1011,951,951,955,963,970,974,1022
1021,1023,1010,911,915,928,950,964,972,1021
1018,1017,1014,989,992,995,1002,1005,1009,1020
1022,1019,1014,983,985,988,997,1003,1004,1023
1020,1019,1015,1007,1008,1008,1012,1014,1014,1020
1021,1019,1016,1009,1009,1009,1014,1014,1017,1020
1019,1020,1010,1002,1002,1002,1004,1006,1007,1018
1020,1020,1009,999,999,1000,1003,1002,1006,1022
1021,1022,1018,1015,1016,1016,1016,1016,1016,1022
1023,1023,1021,1021,1022,1022,1021,1022,1021,1021
1023,1020,1008,951,948,954,963,969,976,1020
1023,1023,1011,910,914,928,950,963,971,1023
1019,1017,1014,988,991,994,1001,1006,1007,1020
1021,1021,1014,986,986,987,998,1001,1006,1020
1019,1021,1015,1007,1007,1008,1014,1013,1016,1021
1022,1020,1017,1009,1008,1010,1013,1013,1015,1021
1020,1018,1011,1001,1002,1002,1003,1005,1006,1019
1020,1018,1012,1000,1000,1000,1002,1004,1005,1021
1020,1022,1018,1015,1016,1015,1016,1015,1017,1021
1022,1023,1020,1022,1021,1021,1023,1022,1023,1023
1021,1019,1011,951,949,955,964,969,975,1021
1021,1022,1012,909,914,929,947,962,971,1023
1017,1019,1011,990,990,993,1001,1005,1008,1021
1022,1020,1014,986,984,986,996,1001,1005,1020
1022,1019,1016,1005,1007,1008,1012,1011,1014,1021
1022,1020,1016,1009,1008,1010,1014,1015,1014,1023
1019,1018,1011,1001,1002,1002,1003,1005,1006,1020
1020,1020,1010,1000,1000,1000,1002,1004,1004,1020
1022,1021,1018,1016,1014,1013,1016,1016,1018,1022
1023,1023,1022,1022,1021,1021,1022,1021,1021,1023
1022,1019,1011,950,949,956,963,970,973,1022
1021,1020,1011,908,915,928,947,964,971,1023
1015,1019,1011,991,991,994,1002,1005,1007,1016
1022,1021,1013,986,984,987,996,999,1005,1020
1021,1018,1018,1006,1007,1008,1011,1014,1014,1022
1022,1021,1016,1009,1010,1011,1013,1015,1015,1021
1018,1020,1009,1002,1002,1003,1004,1006,1006,1019
1021,1020,1010,1000,999,1000,1004,1004,1006,1020
1022,1021,1020,1014,1014,1016,1015,1016,1017,1022
1023,1023,1021,1021,1022,1022,1022,1022,1021,1023
1019,1022,1009,951,951,955,962,970,975,1021
1022,1022,1012,910,915,928,949,963,971,1021
1017,1016,1013,989,989,994,1001,1005,1007,1020
1023,1020,1013,984,984,986,997,1002,1006,1022
1020,1020,1015,1008,1008,1008,1012,1013,1016,1019
1020,1021,1016,1010,1008,1010,1015,1014,1015,1021
1018,1019,1012,1003,1001,1002,1004,1004,1004,1019
1022,1020,1012,998,999,1000,1002,1004,1005,1022
1022,1021,1019,1014,1014,1014,1016,1016,1018,1022
1022,1023,1021,1023,1023,1021,1022,1021,1023,1023
1022,1021,1011,950,951,955,964,969,974,1022
1021,1021,1012,909,914,928,948,964,969,1022
1018,1019,1011,989,991,992,1001,1006,1007,1020
1020,1022,1013,985,985,987,997,1000,1005,1021
1020,1019,1016,1008,1007,1008,1013,1014,1015,1020
1022,1019,1016,1009,1009,1010,1013,1016,1015,1022
1019,1018,1009,1002,1002,1004,1003,1006,1006,1021
1019,1019,1010,998,1000,1000,1002,1005,1005,1020
1022,1021,1017,1015,1014,1013,1015,1015,1018,1020
1023,1023,1022,1022,1021,1021,1022,1021,1022,1023
1022,1019,1010,950,948,956,962,971,973,1022
1021,1021,1012,909,914,928,947,964,972,1023
1016,1019,1012,990,991,994,1001,1005,1008,1020
1020,1021,1014,985,985,986,998,1000,1005,1019
1021,1019,1016,1007,1006,1006,1010,1014,1013,1021
1022,1021,1016,1009,1009,1009,1012,1013,1015,1021
1019,1017,1011,1001,1002,1002,1002,1006,1005,1020
1021,1021,1009,1000,999,999,1002,1003,1006,1019
1023,1021,1019,1015,1014,1013,1016,1015,1017,1021
1023,1022,1023,1020,1021,1021,1020,1022,1020,1023
1022,1020,1009,950,950,955,961,969,974,1023
1021,1022,1012,908,914,926,947,962,971,1023
1018,1017,1015,990,991,994,1002,1005,1008,1018
1022,1020,1013,985,984,988,996,1002,1004,1021
1020,1021,1017,1006,1007,1008,1012,1012,1015,1021
1019,1019,1016,1007,1010,1009,1012,1013,1016,1020
1021,1020,1011,1001,1002,1002,1003,1005,1006,1020
1022,1019,1009,1000,999,999,1003,1004,1006,1019
1023,1021,1019,1014,1013,1015,1014,1016,1017,1022
1022,1023,1022,1021,1022,1021,1021,1021,1021,1023
1023,1020,1008,949,950,953,962,969,974,1022
1023,1020,1011,911,914,925,948,962,970,1020
1019,1018,1015,991,990,992,1001,1005,1007,1019
1021,1021,1014,984,985,988,996,1001,1004,1023
1020,1021,1015,1006,1007,1007,1012,1013,1016,1021
1021,1019,1016,1010,1009,1009,1013,1015,1016,1020
1021,1018,1011,1003,1002,1003,1004,1006,1005,1018
1021,1019,1011,1000,998,1000,1000,1004,1005,1021
1018,1023,1019,1015,1015,1015,1015,1015,1016,1022
1022,1023,1021,1022,1022,1020,1022,1022,1021,1023
1019,1021,1009,950,950,955,963,970,974,1022
1023,1020,1013,909,914,926,947,963,970,1022
1018,1017,1013,989,991,994,1001,1005,1008,1020
1020,1021,1013,985,985,988,999,1000,1006,1022
1021,1019,1015,1008,1007,1008,1011,1014,1015,1020
1021,1021,1017,1008,1008,1010,1013,1014,1014,1021
1020,1019,1011,1002,1002,1002,1004,1006,1006,1020
1021,1020,1011,998,1001,1000,1002,1003,1006,1022
1020,1021,1018,1015,1015,1015,1016,1016,1017,1019
1023,1023,1021,1022,1019,1021,1021,1021,1020,1021
1021,1019,1011,950,950,954,962,970,973,1021
1019,1022,1012,909,915,929,948,962,969,1023
1018,1019,1013,989,991,992,1003,1005,1009,1021
1023,1020,1014,985,986,987,996,1002,1005,1019
1019,1019,1015,1006,1006,1009,1012,1015,1015,1021
1021,1023,1017,1009,1009,1009,1015,1013,1015,1022
1020,1020,1010,1000,1000,1002,1003,1004,1005,1020
1023,1020,1010,998,1000,999,1003,1002,1007,1020
1023,1020,1019,1015,1014,1015,1015,1018,1016,1021
1022,1023,1022,1022,1021,1022,1022,1022,1021,1023
1021,1020,1010,947,947,955,962,968,973,1023
1022,1023,1010,909,914,927,949,962,971,1022
1021,1018,1013,990,991,992,999,1004,1008,1017
1020,1019,1012,984,983,988,995,1001,1003,1021
1020,1018,1016,1006,1007,1007,1013,1013,1014,1021
1021,1021,1016,1009,1011,1009,1012,1014,1016,1021
1022,1019,1009,1001,1001,1001,1003,1004,1006,1020
1021,1018,1010,999,999,1000,1002,1004,1003,1017
1022,1020,1019,1014,1013,1015,1015,1017,1016,1021
1023,1023,1022,1021,1022,1021,1022,1021,1022,1023
1023,1021,1009,951,951,954,963,969,975,1020
1023,1020,1010,908,914,927,946,964,972,1023
1018,1017,1012,989,989,994,1001,1005,1006,1020
1019,1019,1014,984,984,986,998,999,1003,1021
1021,1020,1015,1006,1007,1008,1011,1013,1016,1019
1022,1020,1016,1010,1008,1010,1012,1014,1015,1021
1020,1019,1010,1001,1000,1003,1002,1005,1006,1020
1020,1019,1010,1000,999,1001,1003,1003,1005,1020
1021,1021,1019,1014,1016,1013,1016,1015,1017,1021
1023,1023,1020,1022,1022,1022,1022,1021,1022,1023
1022,1018,1009,952,950,956,962,970,975,1021
1021,1019,1010,910,915,928,948,963,970,1023
1018,1018,1015,988,991,992,1002,1005,1007,1020
1022,1020,1011,983,985,988,996,1001,1006,1021
1021,1020,1014,1007,1007,1009,1009,1013,1014,1018
1021,1019,1016,1009,1009,1009,1014,1016,1016,1020
1020,1018,1011,1002,1002,1003,1003,1004,1004,1019
1021,1020,1010,1000,1000,999,1003,1002,1005,1019
1022,1022,1018,1014,1015,1015,1015,1016,1017,1021
1023,1023,1022,1022,1019,1022,1022,1022,1022,1023
1019,1020,1010,950,951,955,962,970,974,1022
1022,1023,1012,909,915,926,949,963,970,1022
1018,1017,1013,990,991,994,1001,1006,1008,1019
1023,1018,1013,985,984,987,995,1001,1005,1020
1018,1019,1017,1005,1008,1006,1012,1013,1015,1021
1021,1022,1017,1008,1009,1009,1014,1013,1017,1022
1022,1018,1011,1000,1001,1001,1004,1005,1005,1021
1022,1020,1011,1000,1000,999,1002,1001,1005,1018
1020,1021,1018,1016,1012,1014,1016,1016,1018,1020
1023,1022,1021,1021,1021,1021,1022,1021,1022,1023
1021,1022,1011,951,950,954,962,969,974,1022
1022,1022,1011,910,916,928,948,963,970,1023
1018,1017,1011,990,991,993,1001,1004,1008,1020
1020,1018,1016,985,985,984,997,1001,1005,1019
1019,1020,1014,1006,1007,1007,1012,1015,1014,1021
1022,1021,1016,1009,1008,1010,1013,1014,1016,1019
1021,1020,1012,1001,1002,1001,1004,1005,1006,1020
1022,1019,1010,999,1000,1001,1003,1003,1007,1020
1021,1020,1017,1015,1015,1014,1015,1016,1015,1021
1022,1023,1022,1021,1020,1021,1021,1021,1021,1023
1023,1019,1011,949,949,953,962,969,974,1023
1022,1022,1012,909,915,928,948,961,970,1022
1017,1018,1012,990,990,994,999,1005,1007,1018
1021,1018,1015,984,984,988,998,1003,1005,1022
1019,1020,1018,1004,1008,1007,1012,1012,1014,1020
1022,1020,1017,1009,1010,1011,1012,1013,1016,1020
1021,1019,1011,1002,1002,1002,1003,1005,1006,1019
1021,1018,1010,999,998,1001,1001,1004,1005,1020
1022,1022,1019,1015,1015,1013,1017,1017,1017,1021
1023,1023,1021,1021,1022,1021,1021,1021,1022,1023
1022,1021,1009,950,949,956,962,969,974,1021
1023,1023,1013,909,915,927,946,963,972,1021
1018,1017,1013,988,992,993,1002,1006,1007,1020
1019,1020,1013,985,985,987,998,1001,1004,1022
1021,1021,1016,1006,1006,1008,1012,1012,1015,1021
1022,1020,1016,1009,1009,1009,1012,1015,1016,1021
1020,1019,1010,1002,1001,1003,1004,1006,1006,1019
1020,1019,1012,1000,998,999,1003,1005,1004,1021
1023,1021,1018,1014,1015,1014,1016,1016,1018,1021
1023,1023,1019,1023,1021,1023,1022,1021,1023,1023
1022,1021,1010,950,949,954,961,969,973,1020
1023,1019,1010,909,914,928,947,963,969,1022
1017,1018,1013,989,990,992,1002,1005,1007,1020
1022,1022,1014,984,984,988,995,1000,1004,1022
1020,1018,1014,1007,1006,1008,1011,1014,1014,1019
1022,1021,1017,1007,1011,1010,1014,1015,1016,1020
1021,1019,1012,1001,1001,1003,1003,1005,1005,1020
1020,1020,1012,999,1000,1000,1003,1003,1005,1019
1021,1022,1019,1010,1013,1014,1016,1016,1017,1023
1023,1023,1020,1022,1021,1021,1021,1022,1021,1023
1021,1020,1011,949,950,953,961,969,974,1021
1022,1023,1011,909,915,928,948,962,972,1021
1018,1016,1011,989,990,994,1001,1005,1008,1022
1020,1020,1014,986,984,988,997,1000,1005,1021
1019,1021,1016,1006,1008,1007,1011,1014,1015,1020
1022,1021,1015,1009,1007,1011,1014,1014,1015,1022
1019,1020,1010,1001,1003,1002,1003,1005,1006,1019
1021,1018,1011,1000,1000,999,1001,1003,1004,1021
1021,1022,1019,1016,1014,1014,1016,1015,1016,1022
1023,1023,1022,1020,1022,1022,1021,1023,1022,1023
1022,1021,1009,950,950,955,962,968,973,1023
1022,1019,1009,910,915,927,947,962,970,1023
1018,1017,1014,989,990,992,1000,1005,1008,1019
1021,1023,1014,984,984,987,998,1001,1004,1022
1021,1019,1015,1007,1007,1008,1012,1013,1014,1021
1020,1019,1017,1009,1010,1010,1012,1014,1016,1022
1021,1017,1010,1000,1002,1001,1003,1006,1005,1018
1021,1019,1009,999,1000,1000,1002,1004,1004,1019
1021,1021,1018,1014,1015,1015,1016,1016,1016,1022
1023,1023,1021,1022,1021,1021,1021,1021,1022,1022
1023,1020,1010,950,949,954,962,969,974,1021
1023,1019,1010,910,915,927,947,964,970,1022
1017,1017,1014,988,991,992,1000,1004,1008,1018
1023,1021,1013,985,983,985,995,1001,1005,1021
1021,1020,1013,1006,1005,1008,1010,1013,1014,1020
1020,1020,1015,1009,1009,1009,1013,1014,1015,1019
1020,1017,1011,1002,1002,1002,1004,1004,1007,1018
1021,1019,1011,999,999,999,1003,1003,1005,1020
1022,1021,1020,1014,1014,1014,1016,1017,1015,1022
1023,1023,1020,1023,1021,1022,1021,1021,1022,1023
1022,1020,1010,950,950,954,962,968,974,1021
1022,1021,1012,909,914,926,946,962,971,1023
1018,1018,1014,991,990,995,1002,1005,1008,1020
1022,1019,1013,984,982,986,997,1000,1006,1021
1018,1019,1015,1006,1007,1008,1010,1013,1014,1022
1021,1021,1016,1009,1008,1010,1013,1015,1016,1021
1020,1019,1010,1002,1003,1003,1003,1006,1007,1019
1020,1020,1009,998,999,998,1002,1003,1004,1020
1022,1019,1018,1014,1014,1013,1016,1017,1018,1021
1023,1023,1021,1022,1021,1022,1021,1022,1022,1022
1023,1022,1010,948,949,955,961,969,974,1021
1021,1021,1013,908,916,927,947,962,971,1023
1016,1018,1013,990,990,993,1002,1005,1008,1019
1022,1022,1012,986,982,987,997,1001,1006,1021
1022,1017,1016,1006,1008,1008,1011,1015,1016,1020
1020,1019,1017,1008,1009,1008,1013,1014,1015,1022
1018,1016,1011,1001,1001,1002,1003,1005,1005,1020
1020,1020,1009,999,997,1000,1001,1003,1004,1019
1022,1022,1019,1013,1016,1013,1016,1015,1017,1022
1023,1023,1021,1020,1021,1020,1022,1021,1021,1023
1019,1020,1010,949,950,955,962,968,974,1020
1021,1022,1011,910,915,928,946,962,972,1022
1017,1017,1012,988,990,991,1001,1004,1007,1021
1022,1019,1013,984,985,987,998,1001,1004,1021
1019,1018,1015,1006,1007,1008,1012,1013,1015,1017
1019,1021,1016,1008,1008,1010,1012,1014,1015,1021
1020,1019,1010,1002,1002,1002,1003,1006,1006,1020
1021,1018,1011,997,1000,998,1001,1003,1003,1020
1022,1020,1018,1014,1015,1015,1018,1015,1017,1021
1023,1023,1020,1021,1020,1022,1021,1020,1022,1023
1023,1020,1009,949,950,955,960,968,974,1021
1020,1021,1012,907,915,927,947,962,970,1023
1013,1016,1013,990,990,991,1001,1005,1007,1019
1018,1021,1013,985,984,987,997,1000,1006,1020
1021,1018,1016,1005,1006,1008,1012,1013,1015,1020
1021,1020,1017,1009,1009,1009,1012,1014,1014,1021
1017,1019,1011,1001,1002,1001,1004,1005,1005,1021
1021,1017,1012,1000,1000,999,1003,1004,1005,1020
1022,1021,1018,1016,1013,1015,1016,1016,1019,1021
1023,1023,1021,1022,1021,1023,1022,1022,1022,1023
1022,1019,1011,948,948,953,961,969,973,1021
1023,1019,1012,909,913,925,945,962,970,1022
1018,1019,1011,990,990,993,1002,1004,1009,1018
1020,1020,1013,983,984,988,997,1001,1004,1023
1023,1018,1016,1006,1007,1007,1010,1014,1015,1021
1021,1020,1015,1010,1010,1010,1013,1014,1017,1020
1020,1018,1011,1003,1001,1001,1004,1006,1005,1019
1021,1020,1010,1000,999,998,1003,1003,1006,1020
1022,1021,1019,1013,1014,1015,1015,1017,1017,1023
1023,1023,1022,1022,1022,1022,1022,1022,1022,1022
1021,1018,1011,950,950,953,962,969,973,1023
1021,1022,1010,910,913,927,946,962,971,1021
1018,1018,1013,989,990,993,1001,1004,1008,1019
1021,1019,1014,983,984,987,997,1001,1004,1022
1019,1019,1014,1007,1008,1006,1012,1013,1016,1020
1021,1022,1016,1010,1007,1010,1013,1014,1017,1020
1019,1020,1010,1003,1001,1002,1003,1005,1005,1019
1022,1020,1010,999,999,1000,1001,1003,1004,1021
1022,1019,1021,1015,1016,1015,1016,1017,1018,1023
1023,1023,1020,1020,1022,1021,1023,1022,1022,1023
1022,1022,1009,950,949,953,962,968,975,1021
1023,1021,1012,909,913,927,947,963,970,1023
1019,1016,1013,989,990,994,1001,1007,1007,1020
1021,1020,1013,984,985,986,997,1000,1005,1021
1019,1019,1016,1006,1005,1008,1013,1013,1016,1019
1021,1020,1017,1007,1008,1011,1013,1013,1016,1021
1018,1018,1011,1002,1001,1003,1002,1005,1005,1018
1020,1018,1010,1000,1000,999,1001,1004,1005,1021
1020,1021,1018,1016,1015,1015,1018,1016,1018,1022
1023,1023,1022,1020,1020,1022,1022,1022,1022,1023
1020,1019,1010,949,949,954,961,968,971,1022
1023,1019,1010,908,915,926,946,962,970,1022
1016,1016,1011,990,990,992,1000,1005,1008,1019
1021,1020,1013,984,985,986,996,999,1004,1022
1020,1018,1017,1004,1007,1007,1012,1013,1014,1022
1022,1019,1017,1008,1009,1009,1014,1015,1016,1022
1018,1017,1008,1001,1002,1002,1003,1006,1005,1020
1021,1019,1009,1000,1000,998,1002,1003,1005,1019
1022,1022,1019,1015,1016,1015,1017,1015,1017,1021
1023,1022,1022,1020,1022,1021,1022,1022,1022,1023
1022,1020,1010,950,950,953,960,969,972,1023
1020,1023,1009,909,914,927,946,962,972,1023
1018,1018,1012,989,990,992,1002,1003,1007,1019
1023,1018,1013,983,985,988,994,1001,1003,1021
1020,1020,1016,1005,1007,1007,1012,1012,1014,1021
1021,1021,1016,1009,1009,1008,1014,1013,1016,1021
1018,1018,1010,1001,1002,1002,1004,1006,1006,1020
1021,1020,1010,1001,999,1001,1003,1003,1005,1018
1021,1022,1019,1015,1014,1016,1015,1017,1017,1023
1022,1022,1021,1021,1023,1022,1021,1023,1021,1022
1020,1020,1008,951,948,954,960,968,974,1022
1021,1022,1011,909,913,926,948,962,971,1021
1017,1016,1014,988,990,994,1000,1006,1006,1019
1022,1019,1013,983,985,987,996,1001,1003,1023
1019,1021,1014,1006,1006,1007,1013,1013,1015,1020
1020,1020,1015,1010,1009,1009,1013,1015,1016,1021
1018,1019,1011,1002,1002,1002,1004,1005,1006,1019
1021,1018,1011,998,999,999,1002,1004,1004,1020
1022,1021,1019,1014,1016,1015,1016,1018,1017,1022
1023,1023,1021,1022,1022,1022,1022,1021,1023,1023
1021,1020,1009,949,948,954,961,968,972,1020
1023,1020,1013,909,913,928,947,962,969,1021
1019,1018,1013,987,991,993,1001,1005,1007,1020
1022,1020,1012,984,984,987,997,1000,1005,1021
1018,1018,1016,1007,1007,1008,1013,1014,1016,1021
1021,1018,1017,1009,1009,1009,1013,1014,1015,1021
1018,1019,1010,1001,1002,1004,1004,1005,1006,1020
1019,1019,1009,999,999,1000,1002,1004,1005,1020
1021,1022,1019,1017,1015,1015,1016,1016,1018,1022
1023,1023,1021,1022,1020,1022,1023,1023,1021,1023
1022,1017,1011,949,948,954,961,968,972,1021
1023,1021,1011,908,915,927,945,963,971,1023
1018,1019,1010,988,991,993,1001,1004,1009,1021
1020,1019,1014,985,983,986,997,1000,1004,1022
1022,1017,1015,1006,1006,1007,1011,1015,1014,1020
1020,1021,1015,1007,1010,1011,1013,1014,1015,1021
1014,1020,1009,1000,1002,1002,1004,1005,1006,1021
1020,1019,1010,1000,998,999,1003,1003,1005,1019
1022,1020,1019,1015,1015,1016,1015,1018,1016,1021
1023,1023,1020,1020,1021,1021,1021,1021,1021,1023
1019,1021,1010,949,950,952,960,966,972,1022
1021,1021,1010,908,914,926,945,961,972,1023
1018,1017,1014,990,990,993,1000,1004,1008,1020
1021,1020,1015,983,984,987,995,1001,1002,1021
1019,1020,1014,1005,1006,1008,1011,1013,1015,1023
1021,1019,1015,1008,1008,1010,1013,1013,1016,1021
1019,1018,1009,1002,1002,1002,1004,1004,1006,1018
1021,1018,1012,1000,999,1000,1002,1003,1004,1019
1022,1021,1019,1015,1015,1015,1014,1016,1017,1022
1021,1023,1020,1021,1023,1022,1022,1021,1023,1023
1023,1020,1008,948,949,953,961,968,974,1022
1023,1019,1013,909,913,927,945,960,971,1021
1018,1018,1013,988,991,993,998,1005,1008,1019
1020,1020,1012,984,984,987,996,1000,1004,1021
1017,1019,1013,1008,1007,1006,1012,1012,1015,1022
1022,1018,1016,1008,1009,1011,1011,1016,1015,1021
1017,1018,1010,1001,1003,1002,1003,1005,1005,1020
1020,1018,1009,999,997,999,1003,1003,1005,1021
1021,1021,1019,1016,1014,1014,1016,1016,1016,1019
1023,1023,1021,1022,1022,1023,1021,1023,1022,1023
1023,1020,1009,948,947,954,961,967,972,1023
1021,1020,1010,908,914,925,948,961,970,1023
1016,1016,1013,989,989,994,1000,1005,1008,1020
1022,1019,1014,983,983,987,996,1000,1004,1021
1018,1020,1016,1005,1007,1006,1013,1013,1015,1021
1021,1020,1016,1010,1009,1010,1012,1014,1017,1021
1019,1017,1009,1002,1000,1001,1003,1004,1005,1018
1021,1018,1010,1000,999,1000,1001,1003,1004,1020
1020,1020,1020,1014,1015,1016,1015,1016,1016,1020
1023,1023,1021,1021,1022,1022,1023,1021,1022,1023
1022,1021,1010,949,950,953,962,967,974,1023
1023,1020,1011,910,915,927,945,963,971,1021
1017,1017,1014,989,991,994,1001,1005,1008,1020
1020,1020,1014,983,984,986,997,1000,1002,1023
1021,1017,1014,1006,1006,1008,1011,1013,1014,1019
1023,1020,1017,1009,1009,1010,1012,1015,1016,1021
1017,1018,1010,1001,999,1003,1003,1005,1006,1018
1021,1020,1011,999,999,1000,1002,1001,1003,1019
1022,1020,1018,1014,1014,1013,1015,1015,1015,1022
1023,1023,1021,1021,1021,1021,1021,1022,1022,1023
1022,1020,1009,949,948,954,961,969,974,1020
1020,1022,1013,908,914,927,947,962,970,1023
1018,1018,1012,989,990,994,1002,1004,1008,1020
1020,1019,1011,985,984,987,996,1000,1005,1021
1021,1018,1015,1006,1007,1008,1010,1015,1015,1019
1020,1021,1018,1008,1009,1009,1012,1015,1015,1021
1018,1021,1011,1002,1002,1002,1004,1003,1005,1019
1022,1018,1010,1002,998,1000,1001,1003,1005,1020
1022,1019,1018,1014,1014,1016,1015,1017,1017,1022
1022,1023,1023,1021,1021,1022,1021,1022,1021,1023
1019,1020,1010,949,949,952,961,968,974,1022
1023,1022,1010,910,913,926,946,962,970,1022
1017,1017,1012,989,990,993,999,1005,1007,1020
1021,1018,1014,982,983,987,996,1002,1005,1020
1019,1019,1015,1005,1005,1005,1012,1012,1012,1021
1022,1020,1017,1008,1009,1010,1012,1012,1016,1021
1018,1019,1010,1002,1002,1002,1003,1004,1006,1019
1020,1018,1011,1001,999,1000,1000,1004,1005,1019
1021,1021,1019,1014,1014,1014,1015,1017,1016,1021
1023,1023,1022,1021,1023,1020,1023,1022,1022,1023
1023,1020,1010,949,949,953,961,968,974,1021
1023,1020,1012,910,913,926,946,961,970,1021
1016,1018,1012,988,991,992,1001,1006,1007,1019
1021,1021,1016,984,983,987,996,1000,1003,1021
1021,1019,1015,1005,1006,1008,1012,1013,1014,1021
1021,1020,1016,1009,1009,1010,1012,1014,1016,1020
1016,1017,1010,1001,1002,1003,1003,1006,1005,1019
1021,1015,1012,1000,999,1001,1001,1004,1006,1020
1022,1021,1018,1014,1015,1012,1016,1015,1015,1022
1023,1023,1019,1020,1021,1022,1020,1019,1021,1023
1023,1020,1009,949,946,953,959,968,974,1021
1021,1018,1011,908,913,926,946,963,971,1022
1017,1017,1013,989,991,993,1000,1004,1007,1020
1021,1020,1013,984,984,987,997,1000,1004,1023
1020,1019,1014,1006,1006,1008,1011,1013,1015,1021
1021,1020,1016,1009,1009,1009,1013,1014,1016,1019
1018,1018,1010,1002,1001,1002,1003,1005,1006,1019
1022,1021,1011,1000,1000,998,1003,1003,1004,1019
1022,1020,1017,1014,1014,1014,1014,1015,1017,1022
1023,1023,1020,1023,1021,1023,1021,1021,1023,1023
1020,1019,1011,948,948,953,960,969,972,1021
1020,1020,1011,909,914,925,947,962,970,1022
1019,1019,1012,989,990,994,1001,1004,1008,1020
1021,1020,1014,984,982,987,995,1000,1004,1021
1020,1016,1016,1007,1006,1007,1010,1013,1015,1020
1021,1020,1015,1008,1010,1009,1013,1015,1015,1022
1020,1019,1011,1002,1002,1001,1003,1005,1006,1019
1021,1020,1010,999,999,1000,1004,1004,1005,1021
1021,1022,1018,1015,1012,1015,1013,1016,1016,1020
1023,1021,1021,1022,1021,1022,1022,1022,1023,1023
1021,1018,1010,948,949,952,961,969,972,1022
1023,1023,1010,910,914,926,946,961,970,1023
1019,1018,1011,989,990,993,1000,1004,1009,1019
1022,1020,1014,984,984,986,995,1000,1004,1021
1020,1021,1018,1006,1007,1007,1012,1014,1013,1021
1021,1020,1015,1009,1009,1011,1014,1014,1017,1021
1018,1019,1009,1002,1002,1002,1004,1004,1007,1020
1020,1018,1011,999,999,1000,1002,1003,1006,1020
1021,1020,1018,1014,1013,1013,1014,1016,1016,1020
1023,1023,1019,1019,1022,1021,1023,1022,1022,1023
1020,1020,1011,949,949,953,961,967,973,1021
1023,1021,1010,909,912,927,947,961,971,1021
1017,1016,1012,988,992,991,1000,1004,1008,1018
1020,1021,1015,984,984,986,996,1001,1003,1022
1020,1019,1014,1007,1005,1009,1012,1013,1015,1020
1022,1020,1016,1009,1009,1010,1013,1014,1016,1021
1018,1016,1011,1002,1001,1003,1005,1005,1005,1020
1021,1019,1011,999,1000,1000,1003,1003,1004,1019
1023,1023,1019,1013,1014,1013,1015,1017,1015,1022
1023,1023,1021,1023,1021,1023,1022,1021,1023,1023
1023,1019,1010,948,949,954,961,966,974,1023
1021,1022,1011,908,915,925,946,961,972,1021
1018,1017,1012,989,989,992,1000,1005,1008,1019
1020,1019,1013,984,982,986,996,1000,1002,1021
1021,1019,1016,1005,1007,1007,1012,1013,1015,1020
1021,1019,1017,1009,1010,1010,1012,1014,1016,1020
1016,1018,1010,1003,1001,1001,1004,1005,1006,1019
1020,1019,1012,999,999,1000,1002,1003,1003,1020
1020,1020,1017,1013,1013,1012,1015,1015,1016,1020
1023,1023,1021,1022,1021,1021,1022,1022,1022,1023
1022,1020,1010,950,948,954,960,969,974,1021
1022,1019,1013,908,912,926,946,960,969,1023
1017,1019,1013,989,990,994,1001,1003,1007,1020
1021,1021,1014,982,984,987,995,1000,1004,1020
1023,1018,1015,1008,1006,1007,1011,1014,1014,1019
1021,1020,1016,1008,1008,1010,1013,1014,1016,1022
1018,1017,1011,1001,1002,1002,1004,1003,1003,1019
1021,1019,1009,999,1000,1000,1002,1003,1005,1020
1021,1021,1018,1012,1013,1012,1014,1015,1016,1019
1023,1023,1021,1022,1022,1021,1023,1022,1020,1023
1022,1019,1012,949,949,953,961,967,973,1022
1022,1021,1011,909,916,926,946,962,971,1022
1018,1017,1013,989,991,992,1001,1005,1008,1019
1022,1020,1014,983,982,985,996,999,1003,1021
1020,1021,1015,1006,1007,1007,1011,1011,1015,1020
1022,1020,1016,1008,1009,1008,1013,1015,1015,1020
1018,1018,1010,1002,1001,1003,1004,1005,1006,1019
1020,1018,1011,999,999,1000,1002,1003,1004,1021
1022,1021,1018,1013,1011,1014,1014,1015,1017,1021
1021,1023,1021,1021,1021,1022,1020,1022,1023,1022
1022,1020,1010,949,949,953,960,968,973,1020
1023,1020,1012,908,915,926,946,961,970,1022
1016,1019,1014,990,990,993,1001,1004,1008,1019
1022,1021,1015,984,983,985,996,1001,1006,1021
1021,1018,1017,1008,1006,1008,1011,1014,1013,1021
1020,1020,1017,1010,1008,1009,1014,1014,1017,1021
1018,1019,1010,1002,1002,1002,1004,1005,1004,1019
1021,1019,1011,999,999,998,1003,1004,1005,1020
1021,1019,1018,1012,1013,1012,1014,1014,1015,1023
1022,1023,1021,1022,1021,1022,1022,1023,1022,1022
1020,1019,1010,948,949,952,960,968,974,1022
1022,1020,1012,908,914,926,947,961,970,1023
1016,1018,1011,988,990,993,1001,1004,1007,1019
1022,1020,1013,983,985,986,995,999,1005,1022
1019,1019,1015,1006,1007,1007,1011,1014,1015,1019
1021,1019,1014,1008,1008,1009,1013,1013,1014,1021
1018,1017,1011,1002,1001,1003,1004,1005,1006,1020
1021,1021,1011,1001,1000,1001,1001,1003,1005,1021
1020,1020,1018,1013,1012,1014,1014,1016,1016,1022
1022,1022,1022,1023,1020,1020,1021,1021,1022,1023
1023,1019,1010,950,949,953,961,968,972,1022
1020,1021,1012,908,913,926,947,959,972,1023
1015,1016,1014,989,990,992,1000,1005,1006,1020
1019,1016,1014,984,984,985,997,1001,1003,1021
1018,1020,1015,1005,1006,1006,1011,1011,1016,1019
1021,1019,1017,1009,1009,1009,1013,1014,1016,1021
1019,1019,1009,1001,1001,1002,1002,1005,1006,1020
1022,1019,1010,1000,998,1000,1002,1004,1004,1021
1021,1022,1018,1013,1013,1013,1015,1013,1016,1021
1023,1023,1022,1021,1023,1022,1020,1022,1021,1023
1021,1020,1009,949,947,953,961,967,973,1023
1022,1022,1011,909,912,926,945,961,971,1023
1018,1017,1013,988,989,993,998,1003,1007,1019
1022,1019,1013,985,982,985,995,1000,1003,1023
1019,1021,1015,1006,1005,1007,1012,1014,1015,1020
1019,1020,1015,1008,1009,1010,1013,1014,1015,1022
1019,1018,1010,1001,1003,1003,1004,1005,1006,1019
1022,1020,1010,999,1000,1000,1001,1003,1006,1020
1022,1021,1018,1014,1013,1012,1014,1015,1015,1020
1023,1022,1021,1020,1022,1022,1022,1022,1022,1023
1023,1021,1009,948,949,953,961,967,973,1021
1020,1021,1011,908,913,926,945,960,970,1023
1018,1017,1013,989,989,992,1000,1003,1007,1020
1020,1021,1013,981,981,986,996,998,1003,1020
1021,1020,1016,1006,1006,1007,1011,1012,1014,1020
1022,1019,1016,1009,1009,1009,1013,1015,1016,1022
1019,1017,1009,1002,1002,1002,1004,1004,1004,1020
1019,1018,1009,1000,998,1000,1002,1003,1005,1020
1020,1021,1017,1013,1013,1013,1014,1013,1017,1021
1023,1022,1021,1020,1022,1021,1021,1022,1021,1023
1021,1019,1009,951,948,953,961,968,973,1021
1023,1020,1011,908,912,926,946,959,970,1023
1018,1017,1012,987,989,993,998,1004,1006,1020
1021,1019,1013,983,982,985,995,999,1002,1022
1020,1020,1015,1005,1006,1007,1011,1012,1013,1021
1020,1019,1019,1009,1010,1010,1012,1012,1014,1021
1018,1019,1012,1002,1002,1001,1004,1005,1006,1018
1021,1020,1010,1000,999,1000,1003,1004,1004,1020
1022,1022,1020,1011,1014,1014,1014,1015,1016,1021
1023,1023,1022,1021,1023,1022,1022,1022,1023,1023
1019,1020,1010,949,950,953,962,969,973,1023
1023,1023,1013,908,913,925,946,961,971,1022
1014,1017,1014,988,990,993,1001,1004,1007,1017
1022,1020,1013,982,983,985,995,1001,1004,1023
1018,1021,1016,1005,1006,1006,1012,1013,1015,1021
1021,1020,1016,1009,1008,1010,1014,1014,1016,1021
1019,1020,1009,1002,1000,1003,1004,1004,1006,1018
1022,1019,1010,999,1000,1000,1002,1003,1004,1021
1022,1021,1017,1014,1013,1013,1014,1014,1016,1022
1022,1023,1022,1023,1022,1022,1023,1022,1022,1022
1023,1020,1011,949,950,954,961,966,974,1022
1023,1019,1013,909,915,926,946,961,969,1022
1017,1019,1012,989,989,992,1001,1004,1008,1021
1020,1020,1015,982,984,988,997,999,1005,1021
1022,1018,1015,1006,1006,1008,1010,1013,1015,1020
1020,1020,1015,1008,1009,1009,1014,1014,1017,1022
1019,1018,1011,1001,1001,1002,1004,1005,1006,1018
1022,1018,1010,1000,999,1001,1001,1003,1006,1020
1020,1020,1017,1014,1012,1013,1014,1016,1015,1021
1023,1023,1021,1021,1021,1021,1022,1022,1022,1023
1019,1019,1010,949,947,953,961,968,972,1021
1022,1020,1009,908,913,925,945,961,970,1022
1017,1019,1013,989,991,991,1000,1005,1007,1021
1023,1019,1015,984,983,986,995,999,1004,1021
1021,1020,1014,1006,1006,1008,1012,1014,1015,1021
1022,1021,1014,1008,1009,1009,1012,1013,1014,1022
1019,1019,1010,1002,1002,1002,1003,1006,1006,1020
1020,1019,1010,1000,999,999,1003,1004,1005,1020
1022,1020,1017,1013,1013,1013,1014,1014,1016,1020
1023,1022,1020,1022,1023,1023,1021,1023,1021,1023
1021,1019,1010,949,949,953,960,967,973,1021
1023,1019,1012,909,912,925,946,960,971,1023
1017,1017,1015,988,991,993,999,1004,1007,1018
1020,1018,1014,984,983,986,996,1000,1004,1022
1020,1017,1015,1006,1006,1006,1011,1011,1017,1022
1021,1019,1018,1008,1009,1010,1013,1014,1014,1021
1019,1018,1012,1001,1002,1003,1004,1005,1006,1019
1021,1020,1009,1000,999,1000,1000,1004,1005,1020
1022,1022,1017,1014,1013,1012,1015,1016,1016,1023
1022,1023,1022,1023,1021,1022,1021,1022,1022,1023
1022,1019,1009,949,948,954,961,969,973,1021
1023,1022,1010,909,912,925,944,961,969,1022
1016,1019,1012,989,990,990,1000,1004,1007,1020
1021,1020,1013,984,983,986,996,1001,1005,1021
1021,1021,1017,1006,1005,1008,1011,1013,1012,1020
1020,1020,1015,1009,1010,1009,1013,1015,1015,1020
1020,1017,1010,1001,1001,1002,1004,1003,1006,1020
1021,1019,1010,999,999,1001,1002,1003,1006,1020
1022,1021,1018,1013,1014,1012,1015,1013,1015,1022
1023,1023,1021,1022,1022,1022,1022,1020,1021,1023
1019,1019,1012,949,948,953,960,968,973,1019
1023,1020,1013,909,914,926,945,959,970,1022
1017,1016,1012,989,991,991,1000,1004,1008,1021
1022,1020,1014,984,983,987,996,1000,1005,1022
1020,1019,1017,1005,1005,1008,1011,1014,1014,1019
1020,1019,1016,1008,1009,1009,1012,1014,1015,1021
1021,1019,1010,1001,1003,1002,1003,1005,1006,1020
1021,1020,1011,1000,998,1000,1002,1004,1006,1020
1020,1022,1019,1013,1013,1013,1013,1015,1013,1020
1023,1023,1021,1020,1021,1021,1022,1022,1022,1023
1023,1019,1009,949,948,952,961,967,974,1021
1022,1021,1011,908,912,925,944,961,970,1023
1017,1019,1012,988,990,994,999,1005,1007,1020
1022,1020,1012,984,984,986,996,1000,1002,1020
1020,1020,1015,1006,1005,1007,1012,1014,1015,1021
1021,1021,1017,1009,1008,1011,1013,1014,1016,1020
1020,1017,1010,1001,1001,1001,1003,1005,1006,1020
1022,1017,1011,1000,998,1000,1003,1002,1005,1021
1021,1020,1017,1012,1012,1012,1013,1014,1016,1021
1023,1023,1021,1022,1022,1023,1022,1021,1022,1023
1022,1019,1011,949,947,952,960,967,973,1021
1022,1022,1012,908,912,925,945,959,969,1023
1019,1018,1014,988,989,993,1000,1005,1008,1020
1021,1020,1012,982,984,985,995,1001,1003,1022
1020,1019,1013,1007,1005,1005,1011,1012,1014,1020
1019,1020,1016,1008,1008,1009,1012,1014,1017,1021
1019,1018,1010,1002,1001,1001,1004,1004,1006,1019
1021,1019,1009,999,997,1001,1001,1004,1004,1020
1021,1021,1017,1012,1012,1013,1014,1013,1014,1019
1023,1023,1020,1022,1020,1019,1023,1022,1020,1023
1021,1019,1010,948,948,953,961,968,974,1021
1022,1020,1013,907,913,926,946,960,970,1022
1017,1017,1013,989,990,992,1002,1004,1007,1020
1022,1020,1014,984,982,985,996,999,1004,1020
1021,1017,1015,1005,1005,1007,1012,1014,1016,1020
1021,1019,1016,1008,1008,1009,1014,1013,1015,1021
1022,1018,1011,1002,1001,1003,1003,1005,1005,1019
1023,1020,1009,999,1000,999,1003,1002,1004,1020
1022,1020,1017,1014,1013,1012,1013,1015,1015,1022
1022,1023,1021,1021,1020,1021,1021,1022,1022,1022
1021,1021,1012,948,948,952,959,965,972,1022
1021,1022,1009,909,912,924,945,961,972,1023
1019,1017,1012,989,990,994,1000,1005,1008,1020
1019,1021,1014,982,982,986,995,999,1003,1021
1020,1019,1015,1005,1004,1006,1012,1013,1014,1019
1020,1021,1015,1010,1009,1010,1011,1015,1015,1022
1019,1019,1011,1001,1001,1003,1004,1006,1005,1020
1019,1021,1009,999,998,999,1002,1002,1005,1020
1019,1019,1017,1013,1011,1011,1013,1015,1016,1022
1023,1023,1022,1022,1021,1023,1022,1023,1022,1023
1020,1020,1010,946,948,951,959,966,972,1021
1022,1020,1011,908,913,924,944,960,970,1022
1019,1016,1014,990,991,993,1000,1004,1007,1021
1020,1019,1014,982,983,986,996,1001,1004,1020
1021,1020,1015,1005,1006,1006,1011,1011,1015,1020
1021,1019,1017,1010,1009,1009,1013,1015,1015,1022
1021,1019,1011,1002,1002,1001,1002,1004,1005,1020
1022,1018,1010,998,999,1000,1002,1003,1005,1021
1022,1021,1017,1010,1012,1011,1012,1013,1013,1020
1023,1023,1021,1022,1020,1022,1021,1021,1020,1023
1023,1020,1010,948,946,952,958,968,973,1022
1022,1022,1012,908,911,925,943,960,971,1022
1016,1018,1012,988,991,991,1001,1004,1007,1018
1021,1019,1014,983,983,987,994,1000,1003,1023
1019,1019,1017,1007,1006,1006,1011,1013,1015,1021
1020,1019,1017,1008,1009,1009,1012,1015,1016,1019
1020,1017,1011,1002,1003,1002,1004,1004,1005,1018
1020,1019,1010,1001,999,1000,1001,1004,1005,1020
1021,1021,1017,1012,1012,1013,1014,1014,1016,1020
1023,1022,1021,1021,1023,1021,1023,1021,1022,1023
1022,1019,1011,948,945,952,958,965,971,1022
1023,1023,1012,907,912,925,944,959,970,1022
1018,1019,1011,987,990,993,1001,1005,1008,1019
1022,1020,1012,984,983,987,995,1001,1004,1020
1018,1018,1016,1007,1005,1008,1011,1012,1015,1021
1020,1022,1016,1009,1009,1009,1013,1015,1016,1022
1020,1018,1011,1001,1001,1002,1003,1005,1007,1020
1022,1020,1010,999,1000,998,1002,1003,1004,1019
1021,1020,1016,1014,1012,1012,1014,1013,1015,1021
1023,1022,1022,1022,1021,1022,1021,1021,1023,1023
1022,1019,1011,947,947,951,958,966,972,1020
1021,1022,1010,907,913,923,944,960,971,1022
1019,1017,1013,990,989,992,999,1003,1006,1019
1021,1018,1015,983,981,985,995,999,1004,1022
1020,1018,1016,1005,1006,1006,1012,1014,1016,1019
1023,1020,1015,1009,1009,1010,1013,1014,1016,1021
1020,1018,1010,1001,1002,1002,1003,1004,1004,1019
1022,1018,1010,1000,1000,1000,1001,1003,1005,1021
1022,1021,1018,1012,1011,1012,1013,1015,1016,1021
1023,1023,1020,1021,1022,1021,1022,1021,1022,1023
1022,1018,1009,946,947,952,959,966,972,1022
1023,1020,1012,908,911,925,942,959,970,1022
1018,1018,1014,987,990,993,1001,1005,1007,1019
1020,1019,1013,983,982,986,995,1001,1003,1020
1022,1019,1015,1006,1005,1008,1009,1012,1014,1020
1019,1020,1016,1009,1009,1010,1012,1014,1016,1020
1021,1018,1010,1002,1002,1002,1002,1004,1005,1020
1020,1017,1011,1000,998,1000,1002,1003,1004,1021
1021,1020,1018,1013,1012,1012,1013,1014,1016,1019
1022,1023,1020,1020,1022,1021,1023,1020,1020,1023
1020,1018,1010,948,946,951,958,965,972,1022
1023,1020,1012,908,912,924,942,959,971,1023
1019,1017,1012,988,990,990,1000,1003,1008,1019
1023,1019,1013,983,984,984,996,1001,1003,1022
1020,1019,1015,1007,1006,1008,1011,1013,1014,1021
1020,1020,1017,1009,1011,1008,1013,1014,1017,1021
1021,1018,1011,1001,1000,1002,1003,1004,1006,1020
1022,1020,1011,999,1000,1000,1002,1003,1004,1019
1023,1022,1016,1012,1011,1012,1013,1013,1016,1021
1022,1023,1022,1023,1022,1021,1021,1022,1022,1023
1023,1020,1012,947,948,951,959,967,973,1022
1021,1020,1010,907,912,926,944,960,970,1022
1019,1017,1011,988,989,992,999,1003,1007,1020
1021,1019,1015,983,981,985,994,1000,1005,1021
1020,1021,1015,1006,1003,1007,1010,1013,1015,1020
1021,1020,1016,1008,1008,1010,1013,1014,1015,1022
1021,1018,1011,1002,1001,1002,1003,1005,1005,1019
1021,1020,1010,999,999,999,1003,1003,1005,1020
1021,1019,1015,1012,1012,1012,1014,1014,1014,1021
1023,1023,1022,1022,1022,1021,1021,1021,1022,1023
1023,1020,1012,948,946,951,959,966,973,1022
1022,1022,1011,907,912,925,944,961,970,1023
1016,1018,1011,990,990,993,999,1004,1006,1020
1020,1020,1014,982,983,986,995,998,1004,1021
1019,1019,1017,1005,1006,1005,1012,1014,1013,1021
1018,1020,1016,1009,1009,1010,1013,1013,1014,1022
1020,1019,1011,1001,1001,1003,1004,1006,1006,1019
1021,1018,1009,999,999,1000,1002,1003,1005,1020
1022,1020,1017,1011,1011,1012,1013,1013,1015,1021
1022,1023,1021,1022,1020,1022,1023,1022,1022,1023
1021,1018,1009,948,947,952,958,967,972,1021
1021,1019,1010,907,912,925,943,958,970,1022
1018,1019,1013,988,989,993,999,1004,1008,1020
1022,1021,1014,983,982,986,995,1001,1003,1022
1021,1018,1014,1005,1006,1009,1012,1014,1014,1021
1020,1019,1015,1008,1009,1009,1012,1013,1016,1020
1020,1018,1011,1002,1002,1002,1003,1004,1006,1020
1022,1019,1012,998,1000,999,1001,1002,1006,1021
1023,1021,1017,1011,1012,1013,1014,1015,1015,1020
1023,1021,1021,1023,1022,1022,1022,1022,1021,1023
1021,1019,1009,948,947,951,958,966,973,1021
1023,1022,1013,906,913,924,943,960,971,1023
1018,1018,1012,989,990,993,1000,1004,1007,1019
1020,1019,1013,984,983,987,996,1000,1005,1022
1019,1019,1017,1006,1006,1006,1011,1014,1015,1022
1021,1022,1016,1010,1008,1010,1012,1014,1015,1022
1020,1018,1011,1001,1001,1002,1002,1005,1006,1019
1021,1021,1011,999,999,999,1001,1003,1005,1019
1020,1021,1017,1012,1011,1013,1015,1013,1015,1021
1023,1022,1020,1021,1021,1021,1021,1020,1021,1023
1021,1019,1011,947,947,950,958,967,972,1022
1022,1022,1010,908,912,924,943,959,970,1023
1018,1018,1012,988,991,993,1001,1002,1007,1020
1022,1019,1013,982,983,986,996,1000,1004,1020
1017,1019,1016,1005,1006,1006,1011,1013,1014,1020
1021,1021,1015,1007,1009,1008,1013,1015,1015,1019
1020,1018,1010,1001,1000,1002,1004,1006,1005,1020
1021,1018,1010,1000,999,1001,1002,1002,1005,1021
1022,1020,1017,1013,1013,1011,1012,1013,1015,1021
1023,1023,1021,1021,1021,1022,1022,1022,1021,1023
1022,1018,1008,948,946,952,958,967,971,1022
1023,1021,1012,908,913,924,944,957,970,1023
1018,1017,1012,988,990,992,999,1005,1007,1020
1021,1021,1014,984,981,986,996,999,1004,1022
1021,1019,1015,1006,1007,1008,1012,1013,1015,1020
1021,1020,1016,1010,1010,1010,1013,1014,1015,1022
1020,1018,1011,1001,1002,1002,1003,1006,1005,1020
1021,1018,1010,999,999,1000,1002,1004,1004,1019
1022,1021,1018,1011,1013,1012,1014,1014,1016,1020
1023,1023,1022,1022,1022,1020,1022,1022,1022,1023
1023,1019,1011,947,946,951,958,967,972,1022
1022,1019,1011,906,913,925,944,959,970,1021
1018,1018,1013,988,991,992,1000,1004,1007,1019
1022,1019,1014,983,982,985,994,1001,1003,1020
1022,1018,1015,1005,1006,1007,1011,1012,1014,1019
1021,1018,1016,1009,1009,1009,1013,1014,1016,1021
1020,1018,1010,1001,1001,1001,1003,1003,1005,1020
1020,1019,1011,999,999,1000,1001,1002,1005,1022
1021,1021,1017,1013,1011,1011,1013,1015,1016,1022
1023,1023,1020,1022,1022,1022,1022,1021,1021,1022
1022,1019,1010,948,947,952,959,966,974,1022
1022,1020,1012,907,912,924,943,960,969,1023
1016,1018,1012,989,990,991,1001,1003,1008,1019
1021,1021,1013,983,981,985,996,999,1005,1022
1018,1018,1016,1006,1007,1006,1009,1013,1014,1021
1020,1021,1017,1008,1009,1009,1011,1014,1016,1021
1018,1018,1011,1001,1002,1001,1002,1005,1004,1018
1022,1019,1009,998,999,999,1003,1003,1004,1019
1022,1020,1018,1011,1012,1013,1013,1014,1015,1021
1023,1023,1020,1022,1023,1022,1021,1023,1022,1023
1023,1020,1010,947,948,950,958,966,973,1021
1023,1021,1011,907,911,924,944,959,970,1022
1018,1018,1013,989,991,993,1000,1004,1007,1019
1020,1020,1013,982,983,986,994,1001,1004,1021
1021,1020,1014,1007,1005,1007,1012,1011,1014,1021
1023,1019,1014,1008,1008,1010,1013,1014,1015,1022
1020,1019,1010,1001,1002,1002,1003,1004,1005,1019
1020,1020,1009,999,998,998,1003,1003,1004,1021
1019,1019,1018,1012,1012,1012,1014,1014,1015,1022
1023,1023,1022,1023,1022,1022,1021,1021,1022,1023
1021,1020,1010,947,947,950,958,965,972,1022
1021,1022,1013,906,911,924,943,958,969,1023
1018,1015,1014,988,989,993,1000,1003,1008,1020
1020,1020,1013,985,983,985,995,999,1004,1020
1019,1020,1016,1006,1006,1006,1010,1013,1014,1020
1021,1018,1017,1008,1009,1009,1013,1014,1016,1022
1019,1018,1011,1000,1001,1003,1003,1005,1005,1019
1020,1018,1009,999,999,999,1001,1004,1003,1020
1020,1021,1017,1012,1012,1012,1013,1015,1016,1021
1023,1023,1021,1021,1020,1022,1022,1022,1022,1023
1022,1020,1011,946,948,952,959,966,972,1021
1023,1021,1011,905,912,923,942,960,969,1023
1016,1018,1013,990,989,991,999,1004,1007,1018
1022,1018,1013,983,982,986,996,1000,1002,1021
1020,1018,1015,1004,1006,1008,1010,1013,1015,1022
1020,1020,1015,1009,1010,1009,1013,1014,1015,1021
1018,1018,1012,1002,1002,1002,1004,1005,1006,1019
1020,1018,1012,999,1000,1000,1003,1003,1005,1020
1023,1021,1018,1012,1013,1013,1013,1014,1016,1021
1022,1023,1021,1021,1021,1021,1022,1021,1022,1022
1022,1019,1009,945,945,950,959,966,973,1021
1022,1020,1013,907,910,923,944,960,970,1022
1020,1017,1013,990,991,992,999,1005,1009,1019
1020,1018,1014,983,983,985,995,1000,1005,1021
1021,1019,1016,1006,1006,1008,1012,1014,1013,1021
1021,1021,1016,1010,1009,1010,1013,1014,1017,1021
1019,1017,1009,1002,1002,1002,1004,1005,1004,1021
1021,1020,1009,999,999,1000,1001,1003,1005,1022
1021,1021,1017,1010,1011,1012,1015,1014,1015,1021
1023,1023,1021,1021,1021,1022,1022,1022,1022,1023
1021,1019,1009,946,947,953,959,967,971,1023
1023,1021,1011,908,912,923,943,958,971,1021
1018,1017,1012,988,989,991,1001,1004,1008,1019
1020,1019,1014,982,981,986,995,1000,1004,1022
1019,1019,1014,1006,1006,1008,1012,1012,1016,1022
1021,1019,1017,1009,1010,1009,1013,1014,1016,1021
1018,1020,1011,1002,1002,1002,1004,1004,1006,1020
1021,1019,1011,999,998,999,1004,1003,1005,1020
1022,1022,1016,1012,1012,1012,1013,1015,1016,1022
1023,1023,1021,1021,1022,1022,1022,1022,1023,1023
1023,1019,1011,948,947,951,959,966,973,1021
1021,1020,1011,907,911,924,943,960,970,1022
1019,1019,1013,988,989,993,1000,1005,1006,1018
1020,1020,1014,984,983,985,994,1000,1003,1022
1020,1019,1015,1006,1006,1006,1010,1015,1015,1021
1020,1021,1016,1009,1009,1011,1014,1015,1014,1022
1016,1018,1010,1002,1002,1003,1003,1005,1006,1018
1020,1018,1009,999,999,998,1003,1002,1004,1019
1019,1020,1017,1011,1011,1011,1013,1015,1015,1021
1023,1023,1021,1022,1022,1023,1022,1022,1021,1023
1020,1018,1009,947,948,950,959,965,972,1020
1023,1019,1012,907,911,924,942,959,970,1022
1017,1018,1013,987,989,992,1000,1004,1007,1019
1021,1018,1013,983,982,984,994,1000,1005,1021
1020,1019,1017,1007,1007,1007,1011,1012,1015,1020
1021,1020,1017,1008,1009,1010,1013,1014,1016,1021
1018,1020,1010,1002,1001,1003,1002,1006,1005,1020
1020,1019,1010,998,1000,1000,1001,1003,1005,1021
1022,1021,1018,1013,1012,1012,1014,1015,1015,1022
1023,1023,1022,1022,1021,1022,1021,1023,1021,1023
1023,1019,1009,946,946,952,958,967,973,1022
1021,1020,1009,907,913,923,942,958,967,1023
1017,1017,1013,989,990,991,998,1004,1007,1018
1020,1020,1016,984,981,985,994,999,1002,1022
1020,1020,1016,1006,1006,1007,1011,1013,1013,1021
1019,1020,1015,1008,1009,1009,1013,1015,1016,1020
1017,1018,1011,1001,1001,1001,1002,1005,1005,1017
1020,1017,1010,1000,997,1000,1000,1002,1003,1020
1021,1019,1018,1012,1012,1013,1014,1012,1016,1020
1023,1023,1021,1021,1022,1022,1022,1022,1022,1023
1022,1020,1010,947,944,952,959,966,973,1022
1022,1019,1011,906,912,924,942,959,970,1023
1017,1017,1013,989,991,993,1000,1004,1009,1021
1021,1019,1016,983,982,986,993,999,1002,1022
1018,1019,1015,1005,1004,1009,1011,1012,1013,1020
1020,1021,1016,1008,1009,1009,1013,1013,1015,1022
1018,1016,1009,1001,1002,1002,1002,1005,1006,1020
1021,1019,1011,1000,998,1000,1002,1003,1004,1020
1022,1021,1017,1011,1012,1013,1013,1015,1012,1021
1021,1023,1019,1021,1021,1021,1021,1022,1022,1023
1023,1019,1009,947,947,949,958,966,971,1022
1020,1021,1011,907,912,923,943,959,969,1021
1018,1017,1014,988,990,992,999,1003,1007,1020
1022,1019,1012,981,980,984,995,999,1004,1022
1022,1019,1014,1006,1005,1008,1012,1013,1015,1020
1022,1019,1018,1009,1009,1010,1012,1014,1015,1020
1018,1019,1010,1002,1003,1003,1003,1004,1006,1020
1021,1019,1010,998,998,999,1001,1003,1004,1019
1021,1020,1015,1010,1011,1013,1014,1015,1016,1021
1023,1023,1021,1023,1023,1021,1021,1020,1021,1023
1022,1019,1011,947,947,951,958,965,972,1020
1022,1023,1012,906,911,923,942,958,970,1023
1018,1018,1011,989,991,993,1000,1004,1006,1020
1020,1019,1012,983,983,985,995,1002,1003,1019
1019,1020,1016,1006,1006,1007,1010,1013,1014,1022
1022,1020,1015,1009,1008,1010,1013,1013,1016,1021
1015,1019,1011,1002,1002,1002,1004,1004,1005,1020
1018,1019,1007,999,999,1000,1002,1003,1005,1020
1020,1021,1017,1011,1012,1012,1014,1014,1015,1021
1023,1023,1021,1022,1022,1022,1022,1023,1022,1023
1020,1020,1011,948,947,950,958,966,972,1022
1023,1022,1011,907,911,922,943,958,969,1023
1017,1016,1012,989,989,992,1000,1004,1009,1020
1021,1019,1015,982,982,985,994,999,1003,1020
1019,1020,1016,1004,1005,1004,1011,1012,1015,1021
1022,1019,1015,1008,1009,1008,1012,1015,1017,1021
1017,1018,1011,1001,1002,1002,1004,1005,1005,1020
1022,1019,1008,999,999,1001,1002,1002,1006,1020
1022,1019,1017,1013,1012,1013,1013,1014,1014,1020
1023,1023,1021,1021,1021,1021,1022,1021,1022,1023
1023,1020,1009,947,947,952,958,965,972,1023
1022,1021,1012,908,912,923,943,960,970,1021
1018,1018,1013,990,989,992,999,1005,1007,1020
1022,1020,1013,982,982,985,994,999,1004,1022
1019,1019,1014,1005,1006,1007,1009,1015,1014,1020
1020,1020,1015,1009,1007,1009,1012,1014,1015,1020
1016,1020,1010,1001,1002,1000,1003,1004,1005,1020
1022,1018,1011,999,999,1000,1001,1002,1006,1021
1021,1020,1018,1014,1012,1012,1014,1014,1016,1020
1023,1023,1021,1022,1021,1020,1023,1022,1021,1023
1022,1020,1009,945,945,950,958,964,971,1022
1021,1020,1011,908,911,923,942,959,971,1023
1019,1018,1013,989,988,991,1001,1004,1006,1019
1021,1021,1014,981,982,984,995,999,1003,1021
1021,1018,1014,1006,1006,1006,1010,1013,1016,1021
1020,1020,1016,1010,1008,1009,1013,1014,1015,1020
1019,1018,1010,1001,1002,1001,1001,1005,1004,1020
1022,1019,1011,998,998,999,1002,1003,1005,1020
1021,1021,1018,1012,1013,1012,1013,1015,1016,1021
1023,1023,1020,1022,1021,1022,1021,1022,1022,1023
1021,1018,1010,947,947,951,958,966,973,1022
1023,1020,1014,906,912,923,942,957,968,1021
1018,1018,1013,988,990,992,1000,1003,1007,1020
1020,1020,1013,983,980,984,994,1000,1005,1021
1020,1018,1016,1006,1006,1007,1010,1012,1014,1019
1021,1021,1017,1007,1009,1010,1014,1014,1015,1022
1017,1018,1010,1001,1000,1002,1004,1004,1005,1020
1019,1018,1010,998,999,998,1002,1004,1005,1021
1022,1021,1018,1014,1012,1011,1014,1014,1014,1020
1023,1023,1022,1022,1022,1021,1023,1020,1022,1023
1022,1020,1010,947,947,951,958,966,972,1022
1023,1021,1011,906,911,923,943,960,970,1021
1018,1017,1013,988,988,991,999,1003,1006,1017
1021,1021,1013,984,982,985,993,998,1003,1021
1020,1019,1016,1006,1005,1008,1010,1013,1016,1021
1021,1019,1016,1009,1008,1009,1013,1015,1015,1020
1018,1017,1011,1001,1002,1002,1004,1005,1006,1020
1021,1018,1009,998,1000,1000,1000,1004,1006,1022
1020,1020,1017,1013,1013,1014,1014,1015,1015,1020
1023,1023,1022,1022,1023,1022,1023,1022,1022,1023
1020,1019,1010,946,948,950,958,965,973,1021
1022,1020,1012,908,912,923,944,959,971,1023
1016,1017,1013,990,991,991,1000,1005,1007,1019
1021,1020,1014,981,984,985,995,999,1003,1021
1020,1019,1015,1005,1007,1008,1010,1012,1015,1022
1021,1020,1015,1009,1010,1009,1013,1013,1016,1020
1018,1018,1010,1001,1002,1002,1004,1005,1005,1019
1021,1018,1011,1000,1000,998,1001,1003,1004,1019
1021,1021,1017,1011,1012,1012,1013,1013,1015,1023
1023,1023,1020,1022,1021,1021,1022,1022,1022,1023
1023,1020,1009,947,947,951,958,967,973,1022
1022,1019,1011,907,912,924,943,959,969,1022
1016,1018,1013,988,988,992,999,1003,1008,1021
1021,1020,1013,982,983,985,993,1000,1003,1020
1020,1018,1014,1005,1005,1008,1011,1013,1014,1020
1020,1020,1017,1009,1008,1010,1012,1014,1015,1022
1015,1017,1010,1002,1002,1002,1005,1003,1006,1020
1021,1018,1010,999,999,999,1001,1003,1005,1019
1021,1021,1018,1013,1012,1012,1014,1014,1014,1020
1023,1023,1020,1021,1021,1020,1021,1020,1020,1023
1021,1019,1009,948,945,951,957,966,973,1022
1023,1020,1012,906,912,922,944,959,971,1021
1018,1018,1014,990,990,993,1000,1003,1006,1019
1021,1021,1012,985,983,985,995,998,1004,1022
1020,1018,1015,1006,1007,1006,1010,1013,1015,1021
1020,1020,1015,1010,1009,1009,1013,1014,1017,1021
1019,1016,1009,1002,1002,1002,1004,1005,1006,1018
1021,1018,1010,998,999,1001,1001,1003,1004,1019
1020,1021,1018,1013,1012,1012,1011,1014,1015,1022
1023,1023,1021,1022,1022,1022,1021,1022,1022,1023
1022,1018,1009,947,947,950,958,966,971,1020
1022,1019,1012,908,912,924,943,958,967,1023
1018,1018,1013,989,990,992,1000,1004,1008,1020
1022,1020,1014,983,981,984,995,1000,1004,1020
1019,1019,1015,1007,1006,1006,1012,1014,1014,1021
1021,1020,1018,1009,1009,1010,1012,1013,1016,1021
1018,1019,1010,1001,1002,1002,1003,1004,1007,1020
1021,1020,1009,999,998,999,1000,1003,1005,1020
1022,1021,1017,1012,1012,1013,1014,1014,1014,1021
1023,1023,1022,1020,1021,1022,1022,1022,1021,1023
1023,1019,1011,947,947,951,957,964,971,1021
1022,1022,1010,907,911,923,941,960,970,1021
1019,1017,1014,989,989,991,1000,1005,1006,1018
1020,1018,1014,983,982,985,993,999,1004,1022
1021,1020,1015,1006,1005,1007,1010,1013,1014,1019
1023,1021,1016,1009,1010,1010,1013,1012,1017,1021
1018,1018,1011,1002,1001,1003,1004,1004,1006,1020
1021,1021,1010,1000,999,999,1002,1002,1005,1021
1019,1020,1016,1011,1011,1013,1014,1014,1015,1020
1023,1023,1022,1021,1020,1021,1021,1021,1021,1023
1020,1019,1009,947,947,951,957,964,973,1022
1022,1023,1011,907,912,922,944,959,970,1021
1019,1017,1013,988,989,992,999,1004,1008,1019
1020,1019,1014,983,982,986,995,998,1004,1022
1018,1019,1013,1005,1006,1006,1010,1014,1016,1019
1022,1020,1017,1009,1010,1009,1013,1014,1016,1021
1019,1018,1011,1002,1002,1002,1002,1005,1006,1019
1021,1019,1011,1000,999,999,1002,1003,1004,1020
1020,1022,1017,1013,1011,1014,1014,1013,1015,1022
1023,1023,1021,1022,1021,1022,1022,1022,1023,1023
1023,1018,1011,947,945,951,958,967,971,1020
1023,1021,1011,908,910,923,942,957,969,1023
1016,1018,1013,990,990,992,999,1003,1007,1019
1022,1020,1014,983,982,985,994,1000,1005,1021
1021,1018,1015,1007,1005,1007,1011,1013,1015,1021
1019,1020,1015,1009,1009,1010,1014,1014,1015,1022
1015,1018,1009,1001,1003,1001,1003,1004,1004,1020
1020,1017,1010,998,998,999,1001,1004,1005,1020
1022,1020,1016,1012,1012,1012,1013,1014,1015,1022
1023,1023,1021,1021,1023,1021,1022,1021,1021,1023
1023,1020,1010,947,945,950,958,964,973,1021
1021,1020,1012,908,911,923,942,959,970,1023
1018,1019,1011,988,990,992,999,1003,1005,1019
1021,1019,1016,981,981,985,993,998,1002,1020
1021,1017,1016,1007,1005,1006,1010,1013,1015,1020
1020,1020,1015,1010,1008,1009,1013,1014,1014,1022
1017,1015,1010,1000,1001,1001,1003,1005,1003,1019
1021,1019,1010,999,998,998,1002,1001,1003,1020
1021,1021,1015,1012,1011,1012,1013,1013,1015,1020
1023,1023,1022,1022,1021,1021,1022,1022,1022,1023
1021,1020,1010,947,947,950,959,966,971,1022
1022,1021,1009,906,913,924,942,959,969,1020
1017,1019,1012,989,991,991,1000,1003,1008,1019
1022,1018,1013,982,981,984,994,1000,1002,1020
1020,1019,1015,1004,1003,1006,1010,1011,1013,1018
1021,1022,1015,1008,1008,1008,1011,1014,1016,1021
1018,1019,1009,1001,1001,1002,1003,1004,1006,1020
1021,1019,1009,997,998,999,1001,1003,1005,1021
1023,1019,1016,1012,1011,1012,1013,1014,1015,1020
1022,1023,1020,1022,1021,1022,1022,1021,1021,1023
1023,1020,1010,946,948,952,957,965,972,1022
1023,1020,1012,908,912,922,943,958,968,1023
1018,1018,1012,990,989,992,1001,1004,1007,1019
1020,1021,1014,982,980,984,994,999,1003,1020
1021,1016,1014,1006,1004,1006,1009,1014,1014,1021
1020,1020,1015,1010,1009,1010,1012,1015,1015,1021
1019,1018,1010,1001,1001,1002,1003,1003,1005,1018
1021,1018,1011,1000,1000,1000,1000,1002,1005,1019
1020,1021,1019,1012,1012,1012,1014,1014,1015,1021
1023,1023,1022,1022,1022,1022,1023,1023,1022,1023
1020,1019,1011,947,947,951,957,965,972,1022
1023,1021,1013,905,912,922,942,959,969,1023
1016,1017,1014,989,990,992,1001,1005,1007,1018
1018,1019,1015,980,982,983,993,999,1003,1021
1020,1018,1016,1005,1007,1007,1009,1012,1016,1019
1022,1019,1016,1009,1010,1009,1013,1015,1016,1021
1020,1016,1011,1002,1001,1002,1003,1005,1005,1020
1020,1018,1009,1000,997,999,1002,1002,1004,1019
1021,1020,1018,1011,1011,1011,1011,1013,1014,1021
1023,1023,1022,1022,1022,1022,1022,1022,1021,1023
1023,1020,1010,948,946,951,958,966,972,1023
1023,1022,1012,907,911,923,942,958,970,1022
1016,1017,1013,989,990,991,999,1005,1007,1020
1020,1019,1011,983,982,983,992,999,1003,1023
1019,1018,1016,1007,1006,1007,1011,1013,1013,1019
1021,1020,1016,1008,1008,1011,1012,1014,1016,1021
1017,1019,1010,1002,1002,1003,1003,1004,1006,1020
1022,1020,1009,1000,999,1000,1001,1004,1004,1019
1021,1020,1018,1012,1012,1013,1015,1014,1016,1020
1023,1023,1021,1020,1020,1021,1022,1021,1022,1023
1022,1021,1009,947,944,949,956,964,971,1022
1022,1021,1009,907,910,922,942,959,968,1023
1016,1018,1012,988,988,991,1001,1003,1008,1019
1023,1020,1013,983,981,985,992,1000,1002,1020
1019,1020,1014,1007,1005,1006,1010,1013,1015,1022
1021,1020,1017,1009,1008,1009,1013,1014,1015,1023
1020,1017,1011,1003,1001,1002,1003,1005,1006,1019
1021,1019,1010,999,998,1000,1002,1001,1006,1019
1020,1020,1018,1012,1013,1013,1012,1014,1015,1023
1023,1023,1021,1021,1022,1021,1021,1022,1023,1023
1021,1019,1010,947,947,951,959,966,972,1021
1021,1019,1011,906,911,924,943,958,969,1022
1018,1017,1013,988,989,992,998,1004,1005,1019
1022,1020,1014,982,979,984,993,1000,1002,1021
1018,1018,1018,1004,1006,1006,1011,1012,1015,1021
1023,1020,1017,1009,1008,1011,1012,1013,1015,1019
1020,1019,1010,1001,1001,1001,1003,1005,1006,1019
1021,1018,1010,999,998,1000,1002,1003,1004,1020
1020,1020,1017,1011,1012,1013,1013,1014,1015,1023
1023,1023,1021,1022,1021,1020,1021,1021,1021,1022
1023,1020,1010,946,947,950,958,964,972,1020
1023,1018,1013,906,909,923,942,958,968,1023
1018,1017,1011,989,990,993,998,1004,1007,1019
1020,1020,1012,982,982,984,994,998,1004,1021
1020,1019,1016,1006,1005,1007,1012,1012,1015,1020
1021,1019,1017,1008,1009,1010,1011,1014,1014,1021
1018,1017,1012,1002,1001,1002,1003,1005,1004,1020
1020,1019,1009,998,998,1000,1001,1002,1005,1020
1020,1021,1017,1013,1013,1013,1015,1013,1014,1021
1023,1023,1022,1022,1021,1022,1022,1021,1022,1023
1021,1018,1011,945,945,950,957,965,971,1023
1023,1021,1012,905,911,923,942,958,970,1023
1017,1018,1010,989,991,991,1000,1003,1009,1019
1021,1019,1014,984,981,985,995,999,1002,1021
1020,1019,1017,1006,1005,1007,1011,1012,1014,1023
1021,1021,1016,1008,1009,1010,1012,1013,1017,1022
1020,1019,1010,1000,1001,1001,1003,1005,1006,1020
1021,1019,1011,1000,1000,997,1000,1002,1005,1020
1022,1020,1017,1012,1012,1013,1014,1014,1015,1021
1022,1023,1021,1021,1021,1022,1022,1023,1023,1023
1022,1021,1011,947,946,951,957,964,972,1022
1021,1020,1009,906,911,921,942,957,970,1021
1018,1018,1012,991,988,990,1000,1004,1007,1019
1023,1022,1016,983,981,985,993,999,1001,1020
1020,1019,1014,1004,1005,1007,1011,1013,1016,1023
1021,1020,1015,1009,1008,1010,1014,1014,1016,1020
1019,1019,1011,1001,1001,1000,1004,1004,1005,1018
1021,1018,1011,1000,998,1000,1003,1004,1004,1020
1021,1020,1017,1012,1011,1013,1014,1015,1015,1023
1023,1023,1022,1021,1022,1021,1022,1020,1022,1023
1023,1020,1010,947,945,950,958,965,973,1021
1023,1019,1011,907,910,921,943,959,970,1023
1017,1018,1015,990,989,991,999,1004,1005,1018
1021,1020,1014,982,982,983,994,998,1003,1022
1020,1019,1013,1005,1006,1007,1013,1012,1016,1021
1021,1019,1015,1009,1009,1009,1012,1014,1014,1020
1020,1017,1011,1002,1001,1002,1003,1005,1005,1019
1020,1017,1011,999,999,999,1000,1003,1003,1021
1021,1021,1016,1011,1011,1012,1013,1013,1015,1023
1023,1023,1022,1021,1021,1021,1023,1021,1022,1023
1023,1018,1010,947,947,949,957,965,971,1019
1022,1021,1012,907,911,923,941,958,969,1022
1017,1019,1013,988,990,992,999,1003,1008,1020
1020,1020,1012,981,980,984,995,998,1004,1022
1021,1017,1015,1006,1006,1005,1010,1014,1013,1020
1021,1018,1016,1010,1008,1010,1011,1014,1014,1020
1019,1017,1011,1002,1001,1002,1002,1005,1005,1019
1021,1021,1010,997,999,999,1001,1002,1005,1021
1022,1021,1018,1012,1012,1011,1013,1013,1016,1021
1023,1021,1022,1023,1021,1021,1021,1022,1021,1021
1022,1019,1011,947,946,950,957,965,971,1021
1023,1020,1012,907,912,922,942,957,969,1023
1018,1018,1010,989,990,992,1000,1004,1009,1018
1022,1019,1013,983,981,984,992,998,1004,1021
1019,1018,1015,1006,1004,1007,1010,1013,1013,1021
1020,1019,1017,1007,1008,1009,1012,1013,1015,1021
1020,1019,1009,1001,1001,1001,1003,1002,1007,1019
1020,1017,1010,999,998,998,1002,1003,1004,1019
1022,1019,1017,1012,1011,1012,1013,1015,1013,1020
1022,1023,1022,1022,1022,1021,1021,1022,1020,1023
1019,1020,1010,946,948,950,958,964,972,1021
1023,1021,1010,906,911,922,942,957,970,1021
1018,1016,1012,990,989,993,998,1005,1007,1019
1021,1020,1015,982,983,985,993,998,1002,1021
1019,1019,1015,1005,1005,1007,1012,1013,1015,1022
1022,1020,1016,1008,1010,1009,1011,1014,1015,1021
1020,1018,1010,1001,1000,1002,1003,1005,1007,1020
1021,1018,1011,1000,997,1000,1000,1003,1004,1021
1021,1021,1019,1012,1012,1013,1014,1013,1014,1021
1023,1023,1020,1021,1022,1021,1022,1023,1021,1023
1023,1020,1009,946,945,950,956,964,970,1022
1023,1020,1011,906,909,922,941,958,970,1023
1016,1017,1013,988,990,992,1000,1005,1008,1020
1020,1021,1015,982,980,984,994,996,1003,1022
1020,1019,1014,1006,1006,1006,1010,1014,1014,1022
1022,1018,1016,1009,1009,1009,1013,1015,1015,1021
1020,1019,1010,1001,1002,1001,1004,1004,1006,1019
1022,1020,1009,998,999,999,1001,1002,1005,1021
1020,1019,1017,1013,1011,1012,1013,1014,1014,1020
1023,1023,1021,1022,1022,1022,1023,1022,1022,1023
1022,1020,1011,946,945,950,958,964,973,1023
1023,1020,1011,907,911,921,940,959,971,1021
1014,1017,1012,988,989,993,999,1005,1006,1019
1019,1020,1013,981,980,984,996,998,1002,1022
1020,1020,1015,1005,1006,1007,1012,1012,1014,1021
1021,1020,1015,1010,1009,1010,1012,1014,1017,1020
1020,1018,1010,1002,1001,1001,1002,1005,1006,1019
1021,1018,1011,999,998,1000,1001,1004,1004,1019
1020,1020,1017,1012,1012,1012,1014,1015,1014,1022
1023,1023,1021,1022,1021,1021,1022,1020,1022,1023
1023,1018,1010,946,947,950,958,965,973,1022
1022,1019,1010,906,911,924,939,958,969,1022
1016,1018,1013,990,989,992,1001,1003,1005,1018
1020,1020,1013,982,981,983,994,997,1003,1021
1023,1020,1016,1005,1006,1007,1009,1011,1016,1020
1021,1020,1016,1010,1008,1009,1013,1015,1015,1020
1020,1019,1011,1002,1001,1003,1002,1005,1004,1020
1021,1018,1010,998,998,999,1001,1003,1003,1021
1023,1021,1018,1011,1013,1011,1014,1014,1015,1022
1023,1023,1021,1023,1022,1022,1020,1022,1022,1023
1023,1019,1010,947,947,952,957,966,973,1021
1023,1020,1010,906,910,922,942,959,969,1023
1017,1019,1013,988,990,993,1000,1003,1007,1019
1022,1020,1012,982,981,986,994,998,1003,1021
1020,1018,1015,1007,1005,1007,1010,1014,1015,1020
1020,1019,1018,1008,1009,1009,1012,1014,1013,1022
1020,1017,1010,1001,1000,1003,1002,1006,1005,1018
1022,1018,1011,999,998,1000,1001,1003,1005,1020
1022,1020,1017,1012,1012,1011,1014,1013,1015,1021
1023,1023,1022,1021,1022,1022,1022,1021,1022,1023
1020,1021,1010,947,946,951,957,964,972,1020
1022,1018,1011,906,911,922,941,959,969,1022
1017,1016,1014,987,989,992,1000,1003,1007,1020
1021,1020,1012,982,981,983,995,995,1003,1021
1019,1020,1014,1006,1004,1008,1010,1013,1015,1020
1021,1019,1017,1008,1010,1009,1014,1015,1016,1021
1020,1016,1010,1001,1000,1001,1003,1005,1004,1019
1022,1018,1011,998,999,997,1001,1002,1004,1021
1022,1020,1018,1013,1012,1012,1013,1012,1014,1021
1023,1023,1020,1021,1020,1021,1022,1021,1022,1023
1023,1020,1010,947,946,950,957,966,972,1022
1020,1018,1013,905,910,921,943,958,967,1022
1015,1018,1013,988,990,991,999,1003,1007,1020
1022,1019,1012,980,979,983,993,998,1005,1022
1019,1018,1015,1005,1005,1006,1010,1014,1014,1018
1021,1020,1016,1008,1008,1008,1013,1013,1016,1021
1020,1018,1010,1001,1002,1001,1004,1004,1005,1021
1023,1019,1011,999,999,999,1001,1002,1004,1019
1021,1021,1017,1013,1011,1013,1014,1013,1016,1020
1023,1023,1020,1023,1022,1020,1022,1022,1021,1023
1021,1018,1009,946,945,949,958,965,972,1021
1022,1020,1012,905,911,922,942,957,968,1023
1016,1019,1013,989,989,993,998,1003,1006,1020
1021,1019,1013,982,982,983,993,1000,1004,1020
1021,1017,1016,1005,1007,1005,1012,1014,1014,1020
1021,1019,1015,1009,1008,1009,1014,1013,1016,1021
1021,1018,1010,1001,1003,1002,1004,1004,1007,1020
1021,1019,1010,999,998,1000,1000,1002,1005,1021
1022,1020,1016,1013,1011,1011,1014,1014,1015,1019
1023,1023,1022,1022,1023,1021,1022,1023,1021,1023
1021,1019,1010,946,947,950,957,965,972,1021
1023,1020,1010,906,910,923,941,957,969,1022
1020,1017,1013,989,990,992,1000,1004,1008,1019
1022,1019,1015,981,981,982,994,998,1004,1022
1018,1020,1016,1006,1006,1006,1012,1013,1015,1021
1020,1019,1015,1010,1008,1010,1012,1014,1017,1021
1022,1019,1010,1002,1001,1003,1002,1003,1005,1020
1020,1020,1010,999,998,1000,1001,1003,1005,1020
1019,1020,1017,1013,1012,1011,1013,1015,1014,1021
1023,1023,1021,1021,1021,1022,1023,1022,1022,1023
1023,1020,1010,946,946,951,959,965,973,1022
1023,1021,1011,907,910,922,940,957,968,1021
1018,1016,1012,988,990,991,999,1003,1008,1019
1022,1020,1015,981,981,982,994,998,1003,1023
1021,1018,1014,1007,1004,1007,1011,1011,1015,1020
1021,1018,1015,1009,1008,1010,1012,1014,1016,1021
1019,1017,1009,1001,1001,1001,1003,1005,1005,1020
1019,1018,1011,997,1000,998,1001,1003,1004,1021
1021,1021,1018,1012,1011,1012,1015,1012,1014,1021
1021,1023,1018,1021,1021,1023,1022,1021,1023,1023
1020,1018,1010,946,947,949,956,965,971,1021
1023,1020,1012,905,911,921,941,957,967,1023
1016,1017,1013,987,988,992,1000,1003,1007,1020
1020,1020,1013,981,980,984,993,998,1003,1020
1021,1017,1016,1005,1006,1006,1010,1014,1013,1021
1022,1020,1016,1008,1008,1008,1012,1014,1015,1022
1019,1016,1010,1001,1002,1002,1002,1005,1006,1020
1022,1018,1010,998,998,999,1001,1003,1003,1021
1022,1021,1016,1011,1012,1012,1015,1014,1015,1021
1023,1023,1021,1022,1023,1022,1023,1022,1023,1023
1023,1018,1010,945,947,949,957,965,972,1020
1021,1020,1011,905,910,923,940,959,967,1022
1016,1018,1012,989,988,991,998,1001,1007,1020
1022,1020,1014,980,980,983,993,996,1002,1020
1020,1018,1017,1005,1004,1007,1011,1013,1015,1020
1019,1020,1016,1010,1009,1008,1012,1014,1016,1022
1020,1018,1010,1001,1003,1001,1003,1004,1004,1019
1021,1017,1010,998,999,997,1002,1003,1004,1021
1020,1021,1017,1013,1010,1013,1014,1013,1016,1021
1023,1023,1020,1023,1022,1023,1022,1021,1022,1022
1023,1018,1011,946,946,950,957,966,973,1023
1022,1021,1011,906,911,921,941,959,969,1023
1018,1018,1013,989,989,991,1001,1003,1008,1019
1022,1019,1013,981,979,983,993,999,1004,1021
1021,1018,1015,1005,1005,1006,1009,1013,1014,1022
1020,1019,1016,1009,1008,1008,1013,1014,1015,1021
1019,1018,1010,1001,1002,1000,1002,1004,1005,1020
1021,1017,1011,999,997,1000,1002,1002,1003,1019
1022,1021,1016,1012,1011,1012,1013,1014,1016,1020
1023,1023,1022,1021,1023,1021,1021,1021,1022,1023
1021,1018,1012,947,947,950,958,965,971,1022
1019,1021,1011,907,911,922,942,957,969,1023
1018,1017,1013,988,991,992,999,1004,1008,1019
1020,1019,1015,980,980,983,993,997,1003,1023
1020,1016,1016,1006,1005,1005,1011,1013,1013,1021
1021,1021,1014,1009,1008,1009,1011,1014,1017,1020
1021,1019,1010,1000,1001,1003,1005,1005,1006,1018
1022,1019,1010,999,998,999,1000,1003,1005,1019
1022,1019,1019,1010,1012,1011,1012,1013,1015,1021
1023,1023,1021,1023,1022,1021,1023,1023,1021,1022
1022,1021,1010,948,946,950,956,964,972,1021
1023,1020,1011,907,911,923,941,959,970,1022
1018,1017,1014,988,991,991,999,1005,1006,1021
1019,1019,1014,982,980,981,994,998,1002,1022
1019,1018,1015,1005,1005,1006,1011,1013,1015,1021
1022,1018,1016,1007,1008,1010,1012,1015,1016,1022
1020,1017,1010,1002,1002,1003,1002,1005,1005,1019
1019,1018,1012,998,998,999,1001,1002,1003,1022
1020,1020,1017,1012,1011,1011,1014,1014,1016,1020
1023,1023,1020,1021,1021,1022,1022,1021,1023,1023
1020,1019,1010,946,947,951,955,965,972,1022
1023,1019,1012,904,911,922,940,958,968,1023
1017,1016,1012,989,989,989,999,1003,1007,1018
1018,1020,1012,981,979,983,994,997,1004,1021
1020,1017,1016,1003,1004,1007,1010,1013,1014,1021
1022,1019,1015,1009,1010,1008,1010,1013,1014,1021
1020,1017,1008,1001,1001,1002,1003,1005,1005,1021
1021,1017,1010,999,998,998,1001,1003,1005,1019
1023,1020,1016,1011,1011,1013,1013,1012,1016,1020
1023,1022,1020,1020,1022,1021,1023,1022,1022,1023
1023,1018,1011,945,947,950,957,965,972,1022
1022,1020,1010,905,910,921,941,956,969,1023
1016,1018,1012,988,988,991,1000,1003,1007,1018
1021,1019,1014,979,980,983,992,998,1002,1022
1021,1019,1014,1005,1005,1006,1010,1013,1015,1021
1022,1019,1014,1008,1009,1009,1014,1014,1014,1021
1020,1018,1011,1002,1001,1000,1003,1006,1006,1020
1020,1019,1010,999,999,999,1002,1001,1005,1020
1022,1020,1017,1012,1011,1014,1013,1014,1015,1022
1023,1023,1023,1022,1023,1022,1022,1023,1021,1023
1021,1019,1010,947,945,950,957,965,972,1023
1020,1021,1011,906,910,920,941,957,969,1021
1016,1017,1014,988,989,991,999,1004,1006,1020
1022,1019,1014,979,981,983,993,999,1003,1023
1020,1018,1014,1006,1006,1006,1012,1013,1016,1021
1020,1021,1015,1011,1009,1009,1013,1013,1017,1019
1019,1018,1010,1002,1001,1002,1003,1004,1006,1019
1021,1018,1010,998,998,1000,1001,1003,1004,1021
1022,1020,1018,1012,1014,1012,1013,1014,1015,1020
1023,1023,1021,1022,1022,1022,1023,1022,1023,1023
1021,1021,1009,947,945,950,957,965,973,1022
1021,1020,1013,904,910,922,942,957,969,1023
1018,1016,1013,987,989,991,998,1005,1007,1019
1020,1020,1011,981,980,982,993,998,1004,1020
1019,1020,1015,1006,1006,1007,1012,1012,1016,1020
1021,1020,1017,1008,1007,1008,1012,1013,1015,1020
1018,1019,1010,1002,1001,1002,1004,1004,1004,1019
1022,1020,1011,998,998,999,1001,1002,1004,1020
1022,1020,1018,1012,1013,1012,1014,1014,1014,1022
1023,1023,1020,1023,1022,1022,1023,1023,1023,1023
1021,1020,1011,946,946,949,958,964,973,1022
1023,1021,1012,905,909,922,942,957,969,1023
1018,1016,1011,988,989,991,999,1005,1006,1020
1022,1019,1012,982,981,982,992,998,1002,1022
1018,1020,1013,1006,1005,1006,1012,1012,1015,1020
1021,1017,1018,1008,1008,1009,1013,1014,1015,1020
1018,1018,1012,1001,1002,1002,1002,1005,1005,1021
1021,1017,1010,998,999,999,1001,1003,1004,1021
1018,1020,1015,1013,1012,1011,1014,1013,1016,1021
1023,1023,1023,1021,1021,1023,1022,1022,1022,1023
1020,1019,1011,946,946,951,957,965,971,1021
1022,1019,1011,904,911,920,941,958,968,1023
1016,1018,1011,990,989,990,998,1002,1008,1020
1020,1019,1014,981,980,981,993,997,1004,1022
1020,1017,1016,1004,1005,1007,1010,1013,1014,1022
1022,1021,1016,1009,1010,1009,1012,1013,1015,1021
1018,1017,1010,1001,1002,1002,1003,1005,1005,1020
1021,1019,1009,1000,1000,997,1000,1003,1004,1019
1021,1020,1018,1012,1011,1012,1013,1013,1016,1021
1023,1023,1021,1022,1021,1022,1023,1022,1021,1023
1023,1019,1010,946,947,950,956,965,971,1022
1022,1021,1009,905,910,921,940,956,970,1023
1016,1016,1013,989,989,990,999,1003,1007,1019
1022,1017,1012,980,979,982,992,999,1002,1021
1019,1020,1015,1005,1006,1008,1009,1011,1014,1021
1020,1020,1016,1009,1009,1009,1014,1012,1015,1022
1016,1019,1009,1002,1003,1001,1003,1004,1006,1019
1021,1020,1009,999,998,998,1001,1001,1005,1020
1021,1020,1018,1012,1010,1013,1013,1013,1013,1020
1023,1023,1022,1021,1022,1022,1021,1022,1021,1023
1021,1020,1010,947,944,950,957,963,972,1021
1020,1022,1012,906,909,921,941,956,969,1023
1018,1015,1015,988,989,991,998,1006,1006,1020
1022,1020,1014,980,981,983,993,998,1003,1022
1019,1020,1015,1006,1005,1006,1012,1013,1015,1021
1020,1019,1016,1011,1008,1009,1012,1014,1015,1020
1018,1018,1010,1002,1002,1001,1004,1004,1007,1019
1022,1017,1011,998,998,999,1000,1003,1003,1019
1020,1019,1016,1011,1013,1013,1013,1013,1015,1021
1023,1023,1021,1021,1020,1022,1023,1020,1023,1023
1022,1019,1012,947,944,949,957,963,972,1021
1023,1019,1011,905,910,922,939,958,967,1023
1018,1019,1012,986,989,992,999,1003,1007,1020
1020,1019,1012,981,979,981,993,998,1002,1022
1021,1016,1015,1006,1004,1007,1011,1015,1015,1019
1021,1019,1017,1007,1008,1010,1013,1014,1014,1021
1018,1018,1011,1001,1001,1003,1003,1005,1006,1020
1020,1020,1010,998,999,999,1002,1002,1004,1019
1020,1021,1015,1013,1012,1011,1013,1014,1016,1022
1023,1023,1021,1022,1021,1022,1022,1023,1022,1023
1023,1017,1012,945,946,949,956,965,970,1020
1022,1020,1012,904,910,921,940,957,968,1023
1016,1017,1011,989,989,992,999,1003,1007,1019
1022,1018,1014,982,980,982,992,998,1003,1022
1021,1019,1016,1004,1006,1006,1011,1014,1015,1021
1021,1020,1016,1007,1009,1010,1013,1014,1015,1022
1016,1019,1010,1001,1001,1001,1003,1003,1006,1020
1021,1017,1011,1000,997,999,1002,1002,1004,1021
1022,1018,1017,1011,1011,1013,1013,1015,1016,1021
1023,1023,1021,1020,1022,1022,1021,1022,1020,1022
1018,1019,1009,945,946,949,958,964,972,1022
1023,1022,1010,905,910,920,941,956,970,1023
1019,1015,1012,988,988,991,997,1004,1007,1018
1021,1020,1013,982,980,982,993,1000,1002,1021
1019,1020,1015,1004,1006,1005,1011,1011,1014,1021
1022,1021,1015,1009,1008,1009,1012,1013,1015,1021
1018,1019,1010,1002,1002,1001,1004,1004,1006,1020
1021,1018,1010,1000,998,999,1001,1003,1005,1020
1021,1021,1017,1012,1011,1013,1013,1015,1015,1021
1023,1023,1021,1021,1023,1021,1022,1023,1021,1023
1023,1019,1009,946,946,948,958,964,972,1020
1023,1020,1011,906,910,921,938,957,969,1023
1017,1017,1013,987,989,991,1000,1004,1008,1019
1020,1022,1014,982,981,982,993,998,1001,1022
1021,1020,1014,1007,1006,1005,1011,1012,1014,1021
1022,1017,1014,1009,1009,1010,1012,1015,1015,1021
1018,1016,1009,1002,1000,1000,1001,1004,1005,1019
1017,1019,1012,999,998,999,1000,1003,1003,1020
1020,1021,1017,1011,1013,1013,1014,1014,1014,1021
1023,1023,1020,1022,1022,1020,1022,1021,1022,1023
1023,1020,1011,946,945,949,956,964,973,1022
1022,1018,1010,905,909,921,939,958,969,1020
1017,1017,1013,986,990,990,999,1003,1005,1020
1018,1021,1013,981,981,981,994,998,1002,1022
1021,1017,1014,1005,1006,1006,1010,1013,1016,1021
1022,1020,1017,1009,1008,1010,1012,1014,1016,1021
1018,1016,1010,1001,1001,1001,1001,1004,1005,1019
1021,1020,1011,999,998,999,1001,1003,1003,1020
1022,1020,1017,1011,1012,1011,1014,1014,1014,1023
1023,1023,1021,1021,1022,1022,1021,1021,1022,1022
1022,1019,1011,947,946,950,957,965,972,1021
1021,1020,1011,906,911,921,941,957,969,1021
1017,1018,1012,987,989,990,999,1002,1005,1019
1021,1019,1011,980,979,982,993,997,1002,1021
1021,1019,1015,1007,1006,1007,1010,1013,1015,1020
1019,1020,1018,1008,1009,1009,1013,1015,1015,1020
1018,1020,1010,1000,1001,1003,1003,1005,1005,1020
1022,1020,1009,1000,997,998,1001,1001,1003,1019
1022,1021,1016,1013,1013,1011,1013,1013,1015,1020
1023,1023,1020,1020,1021,1022,1022,1023,1023,1023
1021,1017,1012,946,946,950,956,965,972,1021
1021,1020,1014,905,911,920,942,956,969,1022
1019,1016,1012,988,989,991,1000,1002,1006,1020
1021,1019,1013,983,979,983,989,997,1003,1019
1019,1019,1015,1006,1005,1004,1011,1014,1014,1020
1020,1020,1016,1008,1009,1008,1014,1015,1015,1022
1018,1018,1010,1001,1001,1002,1003,1003,1003,1020
1021,1019,1009,1000,999,999,1000,1002,1004,1020
1022,1019,1018,1012,1012,1013,1013,1015,1016,1019
1022,1023,1022,1021,1022,1022,1022,1022,1022,1023
1022,1021,1010,947,947,949,957,964,972,1023
1023,1021,1009,905,909,922,942,956,969,1023
1018,1015,1012,988,987,992,998,1002,1005,1019
1021,1020,1013,981,980,982,993,999,1003,1021
1018,1019,1014,1004,1006,1006,1012,1013,1015,1022
1023,1020,1015,1008,1008,1009,1012,1013,1015,1021
1017,1018,1009,1001,1002,1002,1003,1005,1005,1019
1021,1019,1009,999,997,999,999,1002,1004,1019
1020,1022,1017,1012,1011,1011,1014,1014,1015,1021
1023,1023,1020,1022,1022,1022,1022,1022,1021,1023
1023,1020,1010,946,946,950,956,963,972,1022
1022,1018,1012,905,908,922,941,956,969,1022
1015,1017,1011,987,989,990,999,1004,1007,1020
1020,1022,1013,979,981,982,992,998,1002,1021
1020,1019,1016,1007,1004,1008,1010,1013,1015,1020
1021,1019,1017,1008,1008,1010,1011,1014,1015,1021
1016,1019,1010,1002,1002,1001,1003,1005,1005,1021
1022,1018,1009,999,998,999,1002,1002,1004,1020
1022,1020,1017,1013,1010,1012,1013,1013,1017,1021
1023,1023,1022,1022,1021,1021,1020,1021,1021,1021
1021,1018,1011,945,943,949,957,964,969,1020
1022,1021,1012,905,909,920,942,956,968,1023
1017,1017,1012,988,988,992,999,1003,1007,1020
1022,1018,1013,981,980,983,994,998,1004,1020
1022,1021,1017,1005,1006,1006,1012,1013,1014,1021
1020,1021,1015,1010,1009,1010,1013,1014,1015,1021
1018,1019,1010,1001,1002,1002,1003,1004,1006,1020
1020,1017,1010,1000,998,999,1001,1002,1004,1021
1020,1020,1017,1012,1012,1012,1012,1014,1015,1020
1023,1023,1020,1021,1022,1021,1023,1022,1022,1023
1023,1019,1009,945,946,949,957,964,970,1021
1023,1021,1012,905,908,922,941,955,968,1022
1018,1016,1012,988,988,992,999,1004,1008,1018
1021,1021,1014,980,980,979,992,998,1002,1022
1020,1020,1015,1006,1005,1007,1011,1014,1014,1021
1022,1019,1016,1010,1008,1010,1012,1014,1017,1021
1017,1019,1011,1002,1000,1001,1003,1004,1005,1018
1019,1018,1010,998,999,998,1001,1004,1004,1020
1021,1019,1017,1011,1013,1012,1013,1015,1015,1022
1023,1023,1020,1022,1021,1021,1023,1021,1022,1023
1022,1019,1009,945,944,950,955,963,972,1021
1023,1020,1012,906,910,921,938,957,968,1021
1016,1018,1013,988,989,989,998,1004,1005,1020
1018,1020,1011,979,979,982,992,997,1002,1021
1022,1019,1016,1005,1006,1007,1011,1012,1014,1021
1022,1020,1017,1009,1009,1009,1012,1015,1015,1020
1016,1018,1010,1002,1000,1002,1003,1005,1005,1019
1021,1019,1011,998,998,999,1000,1003,1003,1021
1022,1021,1017,1013,1011,1014,1014,1013,1015,1020
1023,1022,1021,1023,1022,1022,1022,1021,1022,1023
1019,1019,1010,945,946,948,955,963,970,1020
1022,1022,1012,904,910,920,941,957,967,1022
1018,1017,1012,989,988,991,1000,1004,1008,1019
1022,1020,1013,981,980,983,993,996,1004,1021
1020,1019,1017,1005,1005,1006,1010,1013,1014,1021
1021,1020,1015,1009,1009,1009,1013,1015,1016,1022
1018,1019,1011,1001,1002,1001,1003,1005,1004,1020
1022,1019,1009,999,999,999,1002,1002,1005,1020
1021,1020,1018,1011,1012,1013,1014,1013,1015,1021
1023,1023,1023,1022,1023,1022,1021,1022,1022,1023
1022,1019,1011,944,946,949,955,965,971,1021
1022,1020,1012,904,907,918,939,956,967,1022
1016,1017,1013,989,988,992,999,1004,1008,1018
1022,1019,1014,981,980,982,992,998,1003,1020
1019,1020,1016,1005,1006,1005,1010,1012,1015,1022
1019,1019,1016,1009,1008,1009,1013,1015,1016,1021
1018,1018,1009,1001,1000,1002,1003,1004,1005,1020
1021,1018,1009,999,996,999,1001,1002,1004,1020
1020,1020,1017,1011,1013,1012,1012,1013,1016,1020
1022,1023,1021,1021,1021,1021,1021,1021,1022,1023
1021,1020,1009,946,943,949,956,964,970,1023
1023,1021,1010,904,908,921,941,957,967,1022
1020,1017,1012,988,988,992,999,1004,1007,1019
1022,1019,1013,979,981,980,992,997,1002,1023
1019,1019,1016,1006,1005,1005,1010,1013,1014,1020
1019,1020,1015,1008,1007,1008,1012,1012,1016,1020
1018,1017,1010,1002,1001,1003,1003,1003,1005,1018
1019,1017,1009,998,998,998,1001,1003,1005,1019
1020,1018,1019,1011,1013,1012,1014,1014,1014,1023
1023,1023,1021,1022,1021,1021,1022,1021,1022,1023
1023,1020,1010,945,944,948,956,963,972,1019
1023,1020,1012,904,909,922,941,957,968,1022
1017,1017,1014,986,990,990,999,1004,1006,1021
1022,1018,1013,981,979,980,992,998,1002,1020
1020,1020,1015,1006,1004,1006,1012,1011,1015,1021
1021,1019,1017,1008,1008,1009,1011,1013,1015,1022
1017,1019,1010,1001,1002,1003,1003,1004,1005,1019
1021,1018,1010,998,999,999,999,1004,1003,1021
1021,1019,1016,1014,1010,1012,1012,1015,1016,1019
1023,1023,1020,1022,1021,1022,1022,1020,1021,1023
1022,1017,1010,944,946,949,956,964,971,1022
1021,1021,1012,903,910,921,939,956,968,1023
1016,1018,1013,989,989,991,999,1003,1006,1019
1020,1020,1012,980,978,982,993,998,1003,1020
1020,1018,1016,1003,1006,1006,1011,1012,1015,1021
1020,1019,1015,1009,1009,1009,1012,1014,1015,1021
1018,1018,1010,1000,1002,1000,1003,1004,1005,1020
1021,1017,1009,1000,998,999,1001,1003,1003,1019
1022,1021,1017,1012,1011,1013,1013,1011,1015,1019
1023,1023,1022,1020,1022,1023,1021,1022,1020,1023
1019,1019,1010,946,946,948,955,964,972,1022
1022,1022,1010,905,909,920,941,957,968,1022
1018,1018,1012,987,988,991,999,1004,1007,1018
1022,1019,1015,981,979,982,991,998,1002,1023
1019,1019,1015,1008,1006,1007,1011,1013,1014,1021
1019,1020,1015,1008,1008,1008,1013,1014,1015,1021
1019,1019,1010,1002,1002,1002,1004,1004,1006,1018
1021,1018,1009,998,998,998,1002,1002,1004,1020
1022,1019,1017,1012,1012,1013,1012,1013,1015,1022
1023,1023,1021,1022,1022,1022,1021,1021,1021,1023
1022,1018,1010,946,945,948,957,964,971,1020
1023,1021,1009,906,908,920,941,954,969,1023
1018,1018,1013,988,989,992,999,1002,1007,1021
1021,1019,1014,981,980,982,992,999,1002,1022
1020,1019,1014,1007,1005,1006,1010,1013,1015,1021
1021,1021,1016,1008,1007,1009,1013,1012,1017,1021
1018,1019,1011,1001,1001,1001,1004,1004,1004,1019
1020,1016,1012,998,998,999,1000,1002,1004,1020
1020,1020,1018,1011,1013,1013,1013,1014,1015,1022
1023,1023,1021,1022,1022,1021,1022,1022,1022,1023
1022,1018,1010,946,943,948,956,963,971,1020
1023,1020,1011,903,908,921,940,956,968,1023
1020,1017,1012,988,990,991,997,1005,1004,1021
1020,1019,1014,982,981,981,993,998,1003,1019
1020,1020,1016,1006,1005,1006,1012,1012,1016,1020
1021,1020,1017,1008,1008,1009,1013,1014,1015,1022
1018,1017,1010,1000,1002,1002,1004,1005,1005,1019
1018,1018,1012,998,999,1000,1001,1003,1003,1021
1022,1021,1016,1013,1011,1012,1012,1014,1016,1021
1023,1023,1021,1022,1022,1021,1023,1020,1023,1023
1023,1019,1012,945,945,949,957,962,970,1023
1021,1021,1011,904,909,921,939,956,968,1023
1017,1018,1010,989,990,990,999,1003,1007,1018
1021,1020,1014,979,977,981,993,997,1002,1021
1021,1017,1016,1005,1005,1006,1010,1012,1013,1021
1021,1020,1016,1008,1009,1010,1013,1014,1016,1022
1019,1018,1011,1001,1003,1002,1002,1005,1005,1020
1022,1018,1008,999,997,1000,1001,1001,1005,1020
1023,1021,1017,1012,1011,1010,1014,1014,1016,1020
1023,1023,1022,1021,1022,1022,1023,1022,1021,1023
1022,1020,1010,944,944,949,955,964,970,1023
1023,1021,1012,904,909,919,941,958,969,1022
1018,1016,1013,988,988,991,999,1002,1008,1018
1020,1019,1015,979,978,983,993,998,1000,1022
1020,1020,1014,1005,1005,1006,1010,1013,1015,1020
1020,1020,1015,1009,1010,1007,1011,1014,1016,1020
1019,1018,1010,1002,1002,1002,1003,1005,1006,1018
1023,1020,1010,998,997,998,1000,1001,1005,1020
1020,1019,1018,1012,1013,1013,1014,1015,1014,1021
1023,1023,1020,1021,1022,1022,1020,1022,1022,1023
1020,1019,1011,946,946,948,956,964,972,1020
1023,1022,1011,904,908,918,939,955,968,1021
1015,1015,1013,988,988,992,998,1003,1005,1020
1021,1020,1013,980,980,982,991,998,1002,1021
1020,1020,1014,1007,1006,1005,1010,1012,1016,1019
1021,1018,1017,1008,1009,1009,1012,1014,1015,1022
1020,1019,1011,1001,1002,1001,1003,1004,1005,1019
1021,1017,1011,998,998,1000,1000,1003,1002,1020
1022,1021,1017,1012,1012,1012,1013,1016,1016,1022
1023,1023,1020,1023,1023,1021,1022,1022,1022,1022
1023,1019,1010,947,946,950,957,963,972,1022
1023,1019,1013,903,908,919,940,957,967,1023
1018,1017,1012,988,989,991,997,1003,1006,1020
1020,1019,1012,980,981,981,992,996,1005,1021
1020,1018,1016,1005,1004,1005,1011,1013,1013,1020
1021,1019,1017,1009,1008,1009,1012,1014,1014,1022
1019,1018,1011,1002,1001,1003,1003,1005,1005,1020
1021,1019,1010,998,997,999,1000,1003,1005,1021
1018,1020,1017,1012,1013,1010,1013,1014,1015,1020
1022,1023,1021,1022,1022,1022,1022,1020,1022,1023
1020,1019,1011,945,942,949,956,964,971,1022
1022,1021,1013,904,908,920,938,956,967,1023
1016,1019,1012,988,989,991,999,1002,1008,1019
1021,1020,1012,981,979,981,993,997,1004,1020
1020,1017,1018,1006,1005,1007,1010,1013,1011,1018
1021,1020,1016,1007,1009,1010,1012,1014,1016,1023
1020,1018,1010,1001,1002,1003,1003,1005,1004,1021
1020,1019,1010,998,997,998,1001,1003,1004,1021
1023,1019,1017,1012,1014,1012,1013,1013,1015,1021
1023,1023,1020,1022,1022,1022,1022,1020,1022,1022
1023,1018,1012,945,944,948,956,963,970,1020
1021,1020,1013,904,908,921,939,956,966,1023
1019,1018,1012,987,989,991,999,1003,1009,1020
1022,1020,1015,980,979,981,993,997,1003,1021
1020,1020,1016,1006,1005,1006,1010,1014,1013,1020
1021,1019,1015,1009,1008,1010,1011,1014,1014,1023
1019,1019,1010,1001,1002,1003,1002,1005,1006,1019
1021,1020,1009,999,998,998,1000,1001,1005,1021
1022,1020,1018,1013,1011,1012,1014,1014,1014,1022
1023,1023,1021,1021,1020,1022,1022,1023,1021,1023
1022,1019,1012,945,945,949,956,964,972,1020
1023,1022,1011,903,909,919,939,956,968,1023
1018,1017,1011,987,989,992,1000,1003,1008,1020
1022,1019,1014,980,980,982,991,1000,1003,1020
1020,1020,1016,1004,1005,1007,1011,1014,1014,1020
1021,1020,1015,1008,1008,1009,1013,1013,1015,1022
1019,1019,1011,1001,1001,1003,1003,1005,1005,1020
1020,1020,1010,997,998,999,1002,1002,1005,1019
1022,1020,1015,1011,1012,1011,1014,1014,1015,1020
1023,1023,1022,1021,1021,1022,1022,1022,1021,1022
1018,1019,1010,945,944,949,956,963,970,1022
1022,1022,1011,904,909,920,940,955,969,1023
1018,1017,1013,989,990,990,1000,1002,1007,1019
1022,1018,1014,981,979,982,992,1001,1003,1021
1018,1020,1017,1005,1006,1006,1010,1013,1015,1022
1020,1020,1015,1009,1010,1009,1014,1013,1016,1021
1020,1020,1010,1002,1000,1002,1004,1004,1006,1019
1022,1018,1009,999,998,997,1002,1002,1004,1019
1021,1019,1018,1012,1012,1013,1013,1014,1014,1019
1023,1023,1021,1020,1023,1022,1022,1021,1022,1023
1023,1020,1009,944,944,948,957,962,971,1022
1023,1022,1011,903,908,919,940,955,968,1022
1018,1016,1012,989,988,991,998,1004,1007,1020
1018,1020,1014,981,979,981,992,998,1002,1021
1020,1020,1015,1005,1006,1006,1012,1012,1014,1021
1022,1019,1016,1009,1008,1009,1012,1014,1017,1021
1021,1019,1009,1001,1002,1001,1003,1004,1006,1019
1021,1018,1009,998,997,999,1001,1004,1005,1020
1020,1021,1019,1013,1012,1012,1013,1014,1014,1022
1023,1023,1021,1022,1022,1021,1023,1021,1022,1023
1022,1021,1010,944,943,948,957,963,971,1022
1023,1020,1011,903,908,920,938,956,969,1022
1014,1017,1013,989,989,990,999,1004,1006,1020
1020,1021,1013,979,980,981,993,996,1002,1022
1020,1018,1015,1006,1005,1006,1010,1012,1016,1019
1020,1020,1014,1011,1009,1008,1011,1015,1016,1019
1020,1017,1011,1002,1001,1002,1002,1005,1006,1019
1020,1019,1011,998,998,998,1000,1003,1003,1020
1022,1021,1017,1013,1012,1013,1014,1014,1015,1021
1023,1023,1021,1021,1022,1021,1021,1021,1022,1023
1023,1020,1009,945,945,948,955,963,970,1020
1021,1019,1010,904,908,920,939,957,968,1023
1017,1019,1015,988,989,991,999,1003,1006,1020
1021,1019,1012,980,980,979,993,997,1003,1021
1022,1016,1014,1004,1005,1006,1009,1014,1015,1020
1020,1018,1017,1009,1008,1010,1011,1014,1015,1020
1020,1019,1010,1002,1000,1003,1002,1005,1005,1021
1022,1020,1009,997,998,999,1002,1001,1003,1021
1022,1021,1017,1012,1011,1011,1013,1014,1015,1021
1023,1023,1021,1021,1021,1022,1020,1023,1022,1023
1021,1018,1010,945,944,949,956,964,971,1021
1023,1021,1012,903,909,920,940,955,968,1022
1018,1018,1011,988,988,989,999,1004,1008,1020
1022,1019,1012,981,979,983,991,998,1002,1022
1020,1018,1016,1005,1005,1005,1010,1014,1014,1020
1020,1020,1016,1008,1008,1008,1013,1014,1015,1023
1022,1020,1012,1002,1001,1001,1002,1003,1005,1019
1020,1019,1010,1000,998,998,1001,1002,1006,1019
1022,1019,1017,1013,1011,1013,1011,1015,1015,1021
1022,1023,1022,1021,1021,1021,1023,1021,1020,1023
1020,1019,1010,944,945,948,957,963,970,1023
1023,1021,1013,903,909,918,939,955,969,1022
1015,1016,1012,988,988,992,998,1003,1008,1020
1021,1018,1013,981,980,982,992,999,1002,1020
1019,1019,1017,1005,1006,1006,1011,1013,1014,1022
1021,1020,1016,1008,1009,1010,1012,1012,1014,1022
1020,1018,1010,1001,1001,1001,1003,1004,1007,1019
1021,1018,1008,1000,998,999,999,1002,1004,1020
1021,1020,1017,1012,1012,1012,1013,1013,1014,1020
1023,1023,1022,1020,1022,1020,1022,1020,1022,1023
1023,1022,1010,945,946,949,956,962,972,1020
1023,1021,1009,902,908,920,939,956,969,1021
1017,1016,1013,989,989,990,999,1005,1007,1020
1021,1018,1014,979,981,981,994,998,1001,1021
1019,1018,1014,1005,1006,1007,1010,1013,1015,1020
1021,1021,1016,1009,1009,1010,1010,1014,1016,1021
1018,1018,1010,1001,1001,1003,1002,1005,1006,1020
1021,1017,1010,999,997,999,1001,1003,1004,1019
1021,1020,1018,1011,1013,1011,1015,1014,1015,1023
1023,1023,1021,1021,1022,1022,1020,1021,1022,1023
1022,1020,1010,945,942,950,956,963,970,1021
1022,1021,1011,904,908,919,940,956,968,1023
1017,1016,1014,986,989,990,999,1003,1006,1020
1020,1020,1014,981,979,983,993,998,1002,1022
1021,1020,1016,1005,1005,1007,1010,1013,1015,1020
1021,1019,1017,1008,1009,1009,1012,1015,1015,1022
1020,1017,1011,1002,1001,1002,1003,1004,1005,1019
1021,1018,1011,999,998,998,1002,1003,1003,1021
1022,1021,1017,1013,1013,1013,1013,1014,1016,1022
1023,1023,1022,1021,1022,1023,1021,1021,1023,1023
1023,1019,1011,945,944,948,956,963,969,1020
1023,1021,1012,903,909,918,940,956,968,1023
1019,1018,1011,987,989,991,1000,1003,1009,1020
1022,1019,1013,979,979,983,992,998,1003,1020
1020,1019,1015,1005,1006,1007,1010,1014,1014,1021
1021,1020,1015,1008,1010,1009,1014,1014,1017,1022
1022,1018,1011,1001,1002,1000,1003,1005,1005,1019
1022,1019,1011,999,999,998,1000,1001,1006,1021
1022,1021,1016,1013,1012,1013,1012,1013,1016,1021
1022,1021,1019,1022,1022,1022,1023,1023,1021,1023
1023,1019,1012,945,945,947,956,964,969,1023
1022,1019,1013,903,909,920,940,955,969,1023
1018,1018,1010,988,988,992,999,1004,1008,1019
1020,1020,1014,981,981,983,991,996,1002,1022
1020,1018,1015,1006,1007,1006,1011,1012,1015,1020
1022,1019,1016,1008,1008,1010,1013,1015,1016,1022
1021,1020,1011,1002,1002,1002,1004,1005,1006,1020
1020,1019,1011,999,997,999,999,1003,1004,1020
1019,1019,1016,1011,1012,1012,1014,1014,1015,1021
1022,1023,1021,1020,1022,1021,1023,1021,1021,1023
1019,1018,1009,945,944,950,957,963,971,1021
1023,1022,1009,903,908,920,939,956,970,1022
1017,1016,1012,988,990,990,998,1004,1006,1020
1021,1018,1013,980,980,983,992,998,1002,1022
1020,1020,1015,1006,1003,1007,1011,1012,1015,1020
1021,1020,1016,1008,1009,1010,1013,1014,1016,1020
1020,1018,1010,1001,1001,1003,1003,1004,1005,1019
1021,1019,1010,998,998,998,1000,1003,1005,1020
1020,1018,1017,1011,1012,1012,1014,1014,1016,1022
1023,1023,1019,1022,1020,1022,1022,1022,1021,1023
1023,1021,1008,944,943,949,955,964,972,1022
1023,1019,1013,903,909,918,939,955,968,1023
1016,1017,1011,986,989,989,1000,1003,1006,1020
1020,1021,1013,981,978,983,993,997,1003,1021
1018,1018,1014,1004,1006,1007,1008,1013,1013,1020
1022,1018,1016,1009,1010,1010,1012,1015,1015,1022
1019,1018,1010,1002,1001,1001,1003,1004,1005,1018
1017,1018,1011,998,998,998,1000,1001,1003,1019
1022,1020,1017,1012,1011,1013,1014,1014,1015,1021
1023,1023,1020,1023,1022,1022,1022,1022,1022,1023
1022,1018,1011,946,944,948,956,964,971,1021
1021,1018,1011,904,908,919,940,958,969,1023
1016,1018,1012,989,988,991,1000,1003,1007,1019
1020,1021,1012,982,979,983,992,997,1003,1021
1021,1018,1015,1005,1007,1007,1009,1013,1015,1021
1022,1019,1015,1009,1009,1009,1013,1015,1016,1021
1020,1018,1010,1001,1003,1001,1003,1005,1006,1020
1021,1018,1011,998,998,998,1001,1002,1003,1019
1023,1020,1016,1013,1010,1013,1013,1012,1016,1020
1023,1023,1021,1022,1021,1022,1020,1021,1021,1023
1023,1020,1011,945,946,948,957,965,972,1022
1020,1021,1012,904,909,920,943,957,968,1023
1017,1019,1012,990,988,991,1000,1003,1008,1019
1020,1020,1013,980,980,983,991,998,1003,1021
1021,1017,1015,1005,1007,1006,1011,1014,1014,1021
1021,1020,1016,1009,1007,1009,1013,1014,1015,1021
1021,1019,1011,1000,1000,1002,1004,1005,1005,1018
1022,1020,1009,999,999,999,1001,1002,1005,1020
1022,1020,1018,1012,1013,1011,1011,1014,1015,1020
1023,1023,1021,1021,1022,1021,1021,1021,1021,1023
1021,1019,1011,946,945,949,959,965,971,1021
1023,1021,1011,905,908,920,942,954,968,1022
1019,1018,1013,987,990,992,999,1004,1007,1020
1022,1019,1014,981,981,982,992,999,1003,1022
1019,1019,1017,1006,1005,1006,1011,1012,1013,1020
1021,1019,1016,1009,1008,1011,1013,1015,1016,1020
1020,1021,1009,1002,1001,1002,1003,1005,1007,1019
1020,1019,1009,997,999,998,999,1003,1004,1021
1020,1019,1017,1012,1011,1010,1013,1014,1015,1021
1023,1023,1021,1023,1021,1021,1022,1022,1021,1023
1020,1020,1009,946,945,950,958,964,973,1022
1023,1019,1012,902,910,920,942,956,968,1023
1016,1016,1013,989,989,990,1000,1004,1008,1021
1020,1021,1012,982,978,981,993,997,1003,1021
1018,1018,1014,1004,1005,1008,1010,1013,1017,1020
1021,1018,1016,1008,1008,1009,1011,1014,1015,1022
1020,1016,1011,1001,1002,1002,1003,1005,1005,1021
1021,1018,1011,999,999,998,1002,1003,1005,1021
1020,1021,1016,1013,1011,1013,1014,1013,1015,1020
1023,1023,1020,1021,1022,1023,1022,1021,1023,1023
1023,1018,1011,945,946,949,955,964,971,1022
1023,1020,1012,904,909,919,940,956,969,1023
1018,1017,1013,988,989,990,1000,1002,1008,1020
1019,1020,1013,980,980,983,993,999,1004,1021
1021,1018,1016,1005,1007,1007,1011,1012,1014,1021
1020,1018,1015,1008,1009,1008,1012,1014,1016,1021
1018,1017,1010,1001,1001,1002,1003,1005,1004,1020
1020,1018,1010,1000,997,998,1001,1003,1003,1020
1023,1021,1016,1014,1013,1014,1014,1014,1016,1020
1023,1023,1023,1019,1022,1023,1022,1022,1022,1023
1022,1019,1011,945,943,949,958,965,971,1022
1020,1021,1010,904,909,919,942,956,967,1023
1018,1017,1012,988,989,990,998,1002,1008,1019
1022,1020,1015,979,981,985,993,998,1001,1022
1021,1018,1015,1005,1007,1007,1011,1014,1013,1022
1020,1021,1016,1009,1009,1008,1013,1014,1017,1021
1018,1018,1009,1001,1000,1000,1004,1003,1005,1020
1021,1020,1008,999,996,1000,999,1002,1005,1018
1022,1021,1018,1012,1012,1013,1012,1013,1015,1022
1023,1023,1022,1021,1022,1022,1022,1022,1021,1023
1021,1020,1009,945,946,948,958,964,971,1022
1021,1020,1010,904,909,920,941,955,969,1023
1018,1017,1014,987,990,992,999,1002,1007,1019
1022,1019,1014,979,980,983,992,998,1002,1023
1020,1019,1013,1006,1006,1006,1011,1012,1016,1020
1020,1020,1016,1009,1009,1009,1013,1014,1016,1020
1020,1017,1009,1001,1001,1002,1003,1004,1006,1019
1021,1017,1010,998,998,999,1000,1002,1004,1020
1022,1020,1017,1012,1013,1012,1012,1014,1015,1021
1021,1023,1020,1022,1022,1022,1022,1022,1022,1023
1022,1020,1008,946,944,949,956,963,972,1022
1022,1021,1013,903,909,920,940,956,968,1022
1018,1017,1013,987,989,992,999,1004,1007,1021
1021,1019,1013,981,980,982,993,999,1003,1022
1019,1019,1015,1006,1006,1005,1010,1012,1015,1017
1022,1020,1016,1007,1008,1011,1013,1013,1016,1021
1016,1018,1012,1000,1000,1002,1004,1005,1005,1021
1020,1018,1010,998,998,999,1000,1003,1004,1021
1020,1021,1017,1013,1013,1012,1014,1013,1017,1019
1023,1023,1022,1022,1020,1023,1023,1022,1022,1023
1020,1019,1012,945,945,949,957,965,970,1023
1023,1020,1011,904,910,921,940,957,967,1022
1016,1016,1012,989,988,992,1000,1002,1008,1020
1021,1020,1012,981,979,983,993,998,1002,1019
1019,1018,1016,1004,1006,1006,1009,1013,1014,1020
1021,1020,1016,1008,1009,1009,1011,1014,1015,1022
1018,1018,1009,1001,1002,1001,1002,1004,1005,1020
1022,1019,1010,1000,999,998,1002,1001,1005,1019
1021,1021,1019,1012,1011,1013,1012,1014,1015,1019
1023,1023,1022,1021,1021,1022,1021,1022,1022,1023
1023,1019,1009,945,946,949,957,964,972,1023
1021,1022,1010,904,910,918,941,955,970,1021
1017,1017,1013,988,989,991,999,1004,1007,1019
1021,1019,1013,979,981,983,992,999,1002,1022
1020,1019,1014,1005,1005,1005,1011,1013,1014,1021
1021,1020,1015,1009,1008,1009,1013,1013,1017,1021
1020,1019,1010,1002,1001,1002,1003,1005,1006,1020
1022,1018,1010,998,999,998,1000,1004,1003,1020
1023,1018,1016,1011,1012,1011,1012,1014,1015,1020
1022,1023,1021,1022,1022,1022,1022,1021,1021,1023
1021,1020,1009,945,941,949,958,964,971,1019
1022,1021,1012,903,908,920,940,957,968,1022
1018,1017,1013,988,990,992,999,1002,1008,1019
1023,1020,1012,982,980,981,994,998,1005,1022
1020,1020,1015,1007,1005,1007,1010,1013,1013,1020
1021,1020,1017,1009,1007,1011,1013,1015,1014,1021
1018,1017,1010,1002,1002,1002,1003,1006,1005,1019
1020,1019,1008,999,999,998,1001,1002,1006,1020
1020,1019,1017,1012,1011,1011,1014,1014,1016,1021
1023,1023,1022,1021,1022,1022,1021,1023,1021,1023
1022,1018,1010,944,945,948,957,965,970,1023
1021,1020,1013,903,909,920,939,955,968,1022
1016,1017,1011,989,989,991,999,1002,1009,1020
1020,1018,1014,982,979,984,994,998,1003,1020
1021,1018,1017,1005,1006,1006,1010,1013,1012,1020
1021,1021,1015,1007,1010,1009,1013,1014,1017,1022
1018,1019,1010,1002,1003,1002,1002,1005,1005,1020
1021,1018,1011,999,997,998,1001,1002,1005,1020
1023,1020,1018,1011,1010,1013,1013,1014,1016,1020
1023,1023,1021,1021,1022,1022,1022,1023,1022,1023
1022,1019,1009,946,947,951,959,964,971,1022
1023,1020,1011,905,909,919,943,956,969,1022
1019,1016,1013,987,989,991,1000,1003,1007,1018
1021,1020,1015,981,981,983,992,998,1003,1022
1020,1021,1014,1006,1005,1006,1011,1012,1016,1022
1020,1020,1016,1010,1009,1009,1014,1014,1016,1022
1018,1018,1011,1002,1003,1002,1004,1004,1007,1019
1022,1019,1012,999,997,1000,1001,1003,1003,1020
1020,1021,1017,1013,1012,1011,1014,1014,1015,1021
1022,1023,1020,1022,1022,1022,1023,1021,1023,1023
1019,1019,1009,947,946,950,958,965,972,1021
1023,1020,1012,905,911,921,941,957,969,1021
1017,1018,1012,988,991,992,1000,1002,1007,1020
1020,1020,1012,982,981,983,994,998,1003,1023
1020,1020,1014,1007,1004,1006,1011,1013,1015,1019
1022,1018,1017,1009,1009,1009,1012,1015,1015,1021
1018,1018,1011,1002,1002,1002,1002,1005,1005,1019
1021,1019,1012,998,1000,999,1000,1002,1003,1020
1020,1022,1015,1012,1013,1013,1014,1014,1017,1022
1023,1023,1022,1023,1022,1022,1023,1022,1022,1023
1023,1018,1010,946,946,950,957,966,972,1022
1021,1020,1012,903,911,921,941,957,968,1023
1017,1018,1012,989,990,990,1001,1001,1006,1020
1020,1020,1012,981,980,983,994,998,1004,1021
1023,1019,1017,1005,1006,1007,1010,1013,1015,1020
1021,1019,1017,1008,1008,1010,1015,1014,1015,1020
1013,1018,1012,1001,1001,1003,1003,1005,1005,1019
1021,1020,1007,997,998,998,1001,1002,1004,1020
1022,1021,1017,1012,1012,1012,1014,1014,1015,1021
1023,1022,1022,1022,1022,1022,1022,1023,1022,1023
1021,1020,1011,945,944,951,958,963,972,1022
1021,1022,1009,905,910,920,943,955,968,1022
1021,1017,1011,989,989,991,999,1003,1008,1018
1023,1018,1014,980,980,983,992,996,1002,1021
1019,1019,1015,1003,1004,1006,1011,1012,1014,1020
1021,1020,1017,1009,1010,1008,1013,1013,1016,1022
1020,1018,1010,1000,1001,1001,1004,1004,1005,1020
1022,1017,1009,1000,998,998,1001,1001,1004,1021
1022,1020,1018,1012,1012,1014,1011,1014,1016,1020
1022,1023,1022,1021,1021,1022,1022,1021,1022,1023
1021,1021,1008,946,946,949,958,964,971,1023
1023,1018,1010,905,909,920,942,956,969,1020
1018,1016,1014,988,989,991,998,1004,1008,1020
1018,1020,1015,980,979,982,993,997,1003,1020
1020,1020,1015,1005,1004,1005,1010,1011,1014,1020
1023,1019,1016,1009,1007,1009,1012,1013,1015,1019
1018,1018,1011,1002,1001,1002,1004,1004,1006,1021
1021,1018,1011,998,999,999,999,1003,1003,1018
1019,1019,1016,1012,1013,1013,1014,1014,1015,1021
1023,1023,1020,1021,1022,1022,1022,1021,1021,1023
1023,1019,1009,946,946,948,958,964,970,1021
1023,1018,1012,904,910,921,940,957,969,1023
1016,1016,1014,987,989,991,999,1002,1007,1019
1020,1020,1012,980,981,982,993,997,1002,1022
1022,1019,1014,1005,1006,1007,1010,1011,1015,1020
1021,1018,1016,1008,1008,1010,1011,1013,1015,1020
1016,1017,1011,1001,1001,1002,1003,1004,1005,1019
1020,1019,1011,998,998,999,1001,1002,1003,1019
1022,1021,1017,1012,1012,1012,1013,1014,1016,1021
1023,1023,1022,1022,1022,1023,1021,1021,1022,1023
1018,1018,1010,945,946,950,957,966,972,1022
1021,1021,1013,904,910,920,942,956,968,1022
1017,1017,1012,988,990,991,1000,1002,1007,1019
1022,1016,1012,980,980,982,992,997,1004,1023
1019,1019,1016,1005,1004,1006,1009,1013,1014,1019
1020,1020,1016,1009,1009,1008,1013,1015,1015,1020
1019,1019,1011,1001,1000,1001,1004,1004,1005,1020
1021,1019,1009,998,999,997,1001,1002,1003,1019
1022,1019,1016,1013,1011,1012,1013,1015,1015,1019
1023,1023,1022,1021,1022,1021,1022,1022,1022,1023
1023,1020,1010,945,946,949,957,964,970,1022
1023,1021,1012,905,911,919,942,954,968,1023
1018,1017,1012,988,990,991,999,1003,1008,1020
1022,1019,1015,980,978,982,991,998,1003,1018
1018,1017,1016,1005,1006,1006,1013,1015,1014,1021
1020,1021,1015,1008,1009,1010,1013,1013,1016,1022
1016,1019,1009,1001,1002,1001,1004,1004,1005,1020
1020,1020,1011,1000,998,1000,1000,1002,1005,1020
1020,1018,1018,1012,1012,1012,1014,1014,1016,1019
1023,1023,1021,1020,1022,1022,1022,1022,1021,1023
1023,1019,1011,947,946,950,959,965,971,1022
1021,1019,1008,904,911,921,942,956,968,1021
1017,1017,1013,988,989,991,998,1002,1007,1018
1021,1020,1013,980,980,981,994,997,1003,1022
1020,1019,1015,1005,1007,1006,1012,1012,1014,1021
1023,1020,1016,1009,1008,1010,1012,1014,1017,1020
1018,1018,1010,1002,1001,1001,1003,1003,1005,1019
1021,1017,1009,998,998,999,1001,1002,1006,1019
1021,1020,1017,1013,1012,1012,1012,1015,1016,1021
1023,1023,1020,1021,1021,1020,1021,1022,1020,1023
1021,1020,1009,947,949,951,959,966,972,1022
1021,1021,1011,905,912,922,940,954,968,1023
1016,1015,1014,987,989,991,998,1003,1007,1018
1019,1019,1013,979,980,980,994,997,1002,1021
1020,1021,1016,1004,1007,1006,1011,1012,1013,1022
1022,1020,1016,1009,1009,1011,1012,1014,1016,1020
1018,1018,1010,1001,1001,1002,1003,1004,1006,1018
1020,1018,1011,999,997,999,1001,1002,1003,1019
1022,1020,1018,1012,1013,1012,1014,1015,1016,1021
1023,1023,1022,1022,1022,1023,1022,1022,1022,1023
1022,1018,1011,949,947,952,958,964,972,1021
1022,1019,1011,905,911,922,941,955,969,1023
1014,1016,1012,987,990,989,999,1004,1006,1020
1022,1018,1013,980,979,981,992,997,1002,1022
1021,1018,1014,1006,1005,1007,1011,1012,1015,1020
1022,1019,1016,1008,1010,1009,1011,1013,1016,1020
1018,1019,1009,1002,1002,1002,1004,1005,1006,1019
1020,1019,1010,1000,998,999,1001,1002,1004,1020
1021,1019,1016,1012,1012,1012,1014,1014,1016,1022
1023,1023,1021,1021,1023,1022,1022,1022,1023,1023
1020,1021,1009,947,948,951,957,965,971,1021
1020,1019,1009,907,913,921,942,958,967,1021
1019,1016,1014,987,990,991,999,1002,1006,1021
1021,1020,1014,980,980,982,992,995,1003,1021
1019,1018,1014,1006,1006,1005,1010,1013,1015,1020
1023,1019,1015,1009,1009,1009,1013,1014,1016,1021
1018,1018,1011,1001,1002,1001,1001,1004,1005,1018
1021,1018,1008,998,998,999,1001,1002,1004,1021
1021,1020,1018,1012,1012,1012,1013,1013,1016,1021
1023,1023,1023,1023,1022,1022,1022,1022,1022,1022
1022,1018,1010,946,949,950,958,966,973,1022
1022,1021,1012,906,913,920,941,956,967,1023
1017,1019,1013,989,988,992,999,1001,1006,1018
1022,1018,1014,980,981,981,992,996,1003,1021
1020,1018,1017,1004,1007,1004,1009,1012,1013,1021
1020,1020,1016,1008,1008,1008,1014,1014,1015,1022
1017,1017,1010,1002,1002,1001,1004,1005,1004,1019
1021,1018,1010,998,998,997,1002,1003,1005,1021
1023,1020,1017,1012,1011,1013,1014,1013,1015,1022
1023,1023,1021,1021,1022,1023,1022,1021,1022,1023
1021,1018,1012,947,946,950,957,965,973,1021
1019,1020,1011,905,913,920,941,956,968,1023
1018,1018,1012,988,989,991,1000,1002,1006,1020
1021,1017,1013,980,978,982,992,998,1003,1020
1020,1015,1015,1005,1005,1006,1009,1013,1014,1020
1021,1021,1016,1007,1009,1008,1012,1014,1013,1022
1018,1017,1011,1001,1002,1001,1003,1005,1006,1020
1022,1019,1009,999,998,999,1001,1002,1004,1021
1022,1020,1016,1013,1013,1013,1013,1013,1017,1020
1023,1023,1020,1022,1022,1020,1021,1022,1021,1023
1021,1020,1011,945,949,950,958,965,971,1022
1022,1021,1011,906,910,919,940,956,969,1020
1019,1017,1012,987,988,990,999,1002,1008,1019
1020,1019,1015,979,980,982,992,998,1002,1022
1018,1018,1014,1005,1006,1004,1009,1012,1014,1021
1020,1019,1015,1010,1007,1009,1012,1013,1015,1021
1019,1018,1010,1003,1001,1000,1004,1004,1005,1020
1021,1018,1010,999,998,999,1001,1001,1004,1020
1020,1021,1019,1012,1012,1013,1013,1015,1016,1021
1023,1023,1020,1021,1020,1020,1022,1022,1022,1023
1022,1018,1010,946,946,949,958,965,971,1022
1023,1021,1011,905,908,920,941,955,968,1021
1019,1015,1011,987,990,991,999,1003,1007,1020
1022,1018,1014,980,980,981,991,998,1002,1023
1020,1019,1015,1006,1005,1005,1012,1012,1014,1020
1021,1018,1015,1009,1009,1009,1013,1014,1018,1020
1019,1018,1010,1001,1002,1002,1004,1004,1006,1019
1020,1018,1012,998,997,997,1001,1001,1005,1020
1020,1019,1017,1011,1011,1011,1013,1014,1015,1022
1023,1023,1020,1023,1022,1022,1021,1021,1021,1021
1022,1020,1009,946,945,950,956,963,972,1022
1023,1018,1011,904,911,920,942,956,968,1023
1017,1018,1013,988,989,990,999,1003,1006,1021
1021,1019,1014,979,979,980,994,997,1002,1021
1020,1017,1014,1005,1007,1007,1010,1010,1016,1019
1021,1019,1016,1008,1009,1010,1013,1013,1015,1023
1018,1017,1010,1002,1002,1002,1002,1005,1006,1020
1021,1019,1011,998,999,998,999,1002,1003,1021
1022,1019,1018,1012,1012,1011,1014,1015,1016,1021
1023,1023,1019,1021,1020,1022,1022,1021,1023,1022
1022,1017,1011,945,946,949,957,964,971,1022
1020,1019,1014,904,910,920,941,957,967,1023
1018,1017,1013,988,988,988,998,1001,1007,1018
1023,1020,1013,979,979,981,992,996,1004,1021
1021,1017,1018,1004,1006,1007,1011,1013,1014,1022
1020,1019,1016,1008,1008,1008,1013,1014,1015,1021
1015,1018,1010,1001,1002,1002,1003,1004,1005,1021
1022,1020,1011,998,998,998,1002,1002,1004,1020
1022,1022,1016,1012,1011,1012,1014,1013,1017,1020
1023,1023,1022,1022,1023,1023,1021,1021,1022,1023
1020,1019,1012,945,944,950,957,965,970,1023
1020,1020,1012,905,911,919,941,957,968,1021
1018,1019,1012,988,988,990,999,1000,1007,1019
1023,1018,1012,978,977,980,991,997,1001,1023
1020,1016,1016,1006,1004,1006,1009,1013,1014,1020
1022,1020,1016,1009,1009,1009,1012,1013,1016,1020
1018,1018,1009,1002,1002,1002,1001,1005,1005,1019
1022,1019,1010,998,998,998,1001,1001,1005,1020
1022,1019,1018,1012,1011,1013,1012,1014,1016,1022
1023,1023,1021,1022,1023,1023,1021,1022,1022,1023
1023,1020,1010,947,945,948,957,964,970,1020
1023,1021,1011,905,909,919,942,955,969,1021
1019,1017,1013,986,988,991,999,1003,1006,1022
1022,1020,1013,978,977,981,992,996,1001,1022
1019,1018,1014,1006,1006,1004,1009,1012,1015,1020
1021,1020,1016,1009,1009,1009,1013,1014,1016,1021
1020,1018,1010,1001,1001,1002,1003,1004,1006,1019
1023,1018,1010,998,998,999,1001,1000,1004,1021
1018,1020,1017,1011,1012,1013,1014,1015,1013,1021
1023,1023,1021,1020,1021,1021,1022,1021,1022,1023
1023,1021,1010,946,945,949,957,963,972,1021
1023,1021,1015,903,909,921,943,956,968,1023
1020,1016,1013,986,988,990,998,1004,1005,1022
1022,1020,1012,980,979,979,992,996,1002,1021
1020,1019,1014,1006,1005,1007,1011,1012,1016,1019
1020,1018,1017,1008,1008,1008,1013,1014,1014,1023
1017,1018,1010,1000,1000,1002,1002,1005,1004,1020
1019,1019,1010,999,999,998,1001,1002,1003,1020
1019,1020,1018,1012,1011,1011,1014,1014,1016,1021
1023,1023,1022,1022,1022,1021,1022,1022,1021,1023
1020,1019,1012,946,946,950,956,964,970,1022
1023,1020,1012,904,910,921,941,957,967,1023
1018,1017,1011,988,989,989,999,1002,1007,1018
1022,1021,1014,978,977,980,992,994,1001,1022
1018,1018,1017,1002,1004,1007,1011,1013,1013,1023
1021,1019,1017,1009,1010,1008,1012,1014,1016,1020
1020,1017,1010,1001,1001,1002,1002,1004,1005,1020
1021,1018,1009,999,998,997,1001,1001,1004,1020
1022,1020,1018,1012,1012,1012,1014,1012,1014,1021
1023,1023,1023,1021,1022,1022,1023,1022,1021,1023
1022,1020,1011,944,945,948,956,964,971,1023
1020,1023,1010,906,911,920,942,955,969,1020
1019,1018,1014,987,987,989,999,1002,1006,1021
1022,1018,1014,977,978,980,992,997,1000,1023
1021,1019,1014,1005,1006,1006,1011,1013,1015,1020
1020,1020,1016,1009,1009,1008,1014,1012,1017,1021
1019,1019,1009,1001,1002,1001,1003,1005,1006,1020
1023,1019,1010,999,997,999,1002,1001,1003,1021
1022,1019,1018,1012,1011,1011,1013,1015,1014,1022
1023,1023,1021,1021,1022,1021,1021,1022,1021,1023
1022,1020,1011,946,944,948,957,964,971,1020
1023,1023,1011,905,910,919,942,955,969,1023
1018,1016,1016,987,988,990,998,1004,1005,1021
1023,1020,1015,979,979,981,991,997,1002,1022
1018,1019,1013,1005,1005,1005,1012,1012,1016,1021
1020,1020,1017,1009,1007,1009,1012,1015,1014,1020
1021,1018,1012,1001,1001,1002,1004,1004,1005,1021
1022,1016,1012,998,997,998,1000,1004,1003,1022
1022,1021,1016,1012,1013,1012,1013,1014,1016,1020
1023,1023,1020,1023,1022,1022,1023,1022,1022,1023
1022,1019,1012,945,945,949,957,963,970,1021
1023,1018,1013,905,910,922,941,958,968,1023
1019,1020,1012,986,988,990,997,1002,1007,1021
1021,1019,1013,978,978,979,992,997,1004,1021
1021,1017,1016,1006,1006,1006,1010,1014,1014,1021
1021,1019,1017,1009,1008,1009,1013,1014,1015,1023
1019,1019,1012,1001,1001,1003,1002,1005,1005,1021
1020,1020,1008,999,998,999,1001,1003,1006,1020
1022,1019,1017,1013,1012,1011,1014,1014,1015,1020
1023,1023,1021,1022,1021,1023,1022,1023,1021,1022
1022,1018,1012,943,944,949,957,965,971,1023
1023,1022,1013,905,911,921,941,955,968,1023
1018,1016,1011,987,988,990,999,1002,1006,1019
1022,1018,1014,979,977,980,992,997,1003,1021
1021,1020,1016,1005,1005,1007,1010,1013,1013,1021
1021,1020,1015,1008,1009,1009,1012,1013,1016,1022
1020,1019,1009,1002,1002,1001,1003,1004,1006,1020
1021,1017,1010,998,996,998,1002,1003,1004,1021
1022,1021,1019,1011,1011,1013,1012,1013,1014,1021
1023,1023,1020,1019,1021,1022,1022,1021,1023,1023
1020,1021,1011,945,945,948,957,962,972,1021
1023,1019,1014,906,910,919,942,956,966,1020
1020,1016,1013,987,988,990,996,1003,1007,1021
1022,1022,1015,978,978,980,991,996,1003,1023
1020,1019,1016,1004,1006,1005,1011,1012,1016,1021
1022,1018,1015,1007,1007,1010,1013,1015,1017,1020
1021,1016,1011,1002,1001,1001,1003,1005,1005,1020
1022,1017,1012,998,998,1000,1000,1002,1003,1022
1022,1021,1017,1010,1012,1012,1013,1013,1016,1023
1023,1023,1020,1022,1022,1021,1022,1021,1021,1022
1023,1017,1013,946,944,948,956,964,971,1022
1023,1019,1014,904,909,920,940,956,968,1022
1018,1020,1013,986,989,988,999,1001,1006,1021
1021,1020,1012,978,977,978,992,997,1004,1022
1021,1018,1015,1006,1005,1006,1010,1012,1015,1021
1020,1019,1017,1009,1009,1010,1012,1014,1014,1020
1020,1018,1012,1001,1001,1002,1002,1004,1005,1019
1020,1019,1009,997,998,998,1000,1002,1003,1022
1022,1021,1016,1012,1013,1011,1014,1013,1016,1021
1023,1022,1021,1022,1021,1022,1021,1023,1021,1022
1023,1019,1013,946,942,949,956,964,971,1022
1022,1022,1014,905,910,920,941,955,969,1023
1016,1018,1013,987,989,989,999,1003,1008,1021
1023,1020,1015,978,978,979,990,996,1002,1021
1020,1018,1016,1006,1005,1007,1010,1012,1012,1020
1019,1019,1016,1008,1009,1008,1013,1013,1016,1022
1021,1019,1009,1001,1001,1001,1003,1003,1005,1021
1023,1019,1009,999,998,999,1002,1001,1005,1018
1023,1019,1018,1011,1011,1012,1013,1014,1014,1019
1022,1023,1022,1022,1020,1022,1021,1022,1022,1023
1021,1021,1012,945,945,949,957,963,971,1023
1022,1021,1012,905,910,920,942,956,970,1022
1021,1017,1012,987,988,989,998,1003,1007,1020
1021,1020,1014,979,976,981,991,997,1001,1021
1019,1019,1017,1005,1005,1005,1012,1012,1014,1021
1021,1019,1017,1007,1009,1007,1011,1013,1016,1020
1021,1019,1010,1002,1001,1002,1004,1004,1007,1021
1022,1017,1011,999,999,999,1001,1003,1004,1019
1020,1019,1018,1011,1011,1013,1013,1014,1015,1020
1023,1023,1021,1021,1022,1022,1022,1021,1021,1023
1023,1019,1010,945,945,947,957,963,972,1022
1023,1020,1012,904,910,919,940,958,969,1023
1018,1018,1015,987,987,991,998,1002,1005,1021
1019,1020,1015,979,979,978,993,996,1002,1021
1021,1019,1015,1006,1005,1006,1011,1012,1016,1020
1022,1018,1015,1009,1008,1010,1011,1015,1016,1020
1018,1017,1011,1002,1000,1002,1003,1004,1005,1020
1018,1018,1009,998,996,999,1001,1003,1003,1019
1023,1021,1017,1011,1012,1012,1014,1012,1014,1021
1022,1023,1022,1022,1021,1021,1021,1022,1023,1023
1021,1019,1013,945,945,948,956,963,972,1023
1023,1022,1012,903,909,919,941,956,968,1023
1020,1016,1012,986,988,990,999,1002,1006,1022
1021,1019,1013,979,978,981,991,997,1002,1022
1018,1019,1015,1005,1004,1006,1011,1013,1014,1019
1021,1020,1015,1007,1009,1009,1012,1013,1015,1020
1022,1018,1010,1001,1000,1001,1003,1004,1005,1018
1021,1020,1011,999,998,998,999,1002,1004,1022
1021,1021,1018,1011,1010,1012,1013,1014,1014,1021
1022,1023,1021,1020,1023,1021,1022,1022,1021,1021
1022,1019,1011,946,945,947,955,963,970,1022
1022,1018,1012,905,910,919,941,956,968,1023
1018,1018,1015,987,988,989,998,1004,1007,1021
1022,1020,1014,979,978,978,992,996,1001,1021
1021,1017,1015,1006,1005,1006,1010,1012,1014,1022
1021,1018,1015,1009,1008,1008,1012,1014,1016,1021
1020,1019,1010,1001,1002,1002,1003,1005,1005,1020
1023,1019,1009,998,998,997,1002,1002,1004,1021
1022,1020,1017,1012,1012,1011,1013,1014,1015,1023
1023,1023,1022,1022,1021,1023,1021,1023,1022,1023
1022,1020,1011,945,943,948,957,964,971,1023
1023,1022,1011,905,909,920,940,955,968,1023
1019,1017,1014,987,989,989,998,1002,1007,1019
1021,1020,1015,978,978,979,992,998,1003,1023
1022,1018,1015,1006,1007,1007,1010,1013,1015,1018
1020,1020,1016,1009,1008,1010,1012,1014,1015,1022
1021,1017,1010,1002,1001,1001,1003,1004,1004,1020
1020,1016,1010,999,997,998,1001,1003,1005,1022
1022,1022,1018,1011,1011,1011,1014,1013,1015,1020
1023,1023,1022,1021,1023,1022,1022,1021,1022,1023
1022,1018,1007,946,944,948,956,963,971,1023
1023,1021,1012,904,909,919,940,955,968,1023
1016,1017,1013,985,989,989,999,1004,1006,1019
1022,1020,1012,980,978,981,991,995,1001,1022
1020,1018,1015,1005,1004,1005,1010,1012,1015,1021
1020,1018,1016,1008,1009,1008,1013,1015,1016,1020
1020,1018,1011,1000,1001,1000,1004,1004,1005,1019
1022,1019,1009,998,998,998,999,1001,1003,1018
1022,1020,1016,1012,1011,1012,1012,1014,1015,1021
1023,1023,1022,1022,1022,1022,1023,1022,1022,1023
1023,1020,1011,944,945,949,957,963,971,1020
1019,1018,1011,903,910,920,940,956,967,1023
1019,1018,1013,987,987,990,999,1001,1007,1018
1021,1019,1016,979,977,981,991,997,1004,1021
1021,1018,1014,1004,1006,1006,1010,1012,1015,1021
1022,1021,1015,1009,1008,1009,1012,1013,1015,1020
1020,1018,1010,1001,1001,1001,1003,1005,1006,1019
1021,1018,1011,997,998,997,1001,1003,1003,1020
1021,1019,1017,1011,1012,1012,1013,1014,1015,1021
1023,1023,1022,1022,1021,1021,1022,1021,1023,1023
1020,1018,1009,944,944,949,957,964,970,1021
1022,1019,1011,902,909,920,939,955,966,1023
1018,1016,1014,987,986,989,998,1002,1007,1020
1021,1018,1014,979,978,979,990,998,1003,1021
1021,1018,1017,1004,1005,1006,1010,1013,1013,1022
1020,1020,1015,1010,1009,1010,1012,1013,1016,1022
1022,1018,1010,1001,1000,1001,1001,1004,1003,1021
1021,1018,1012,998,998,998,1000,1001,1004,1020
1022,1020,1017,1011,1012,1013,1013,1014,1015,1020
1023,1023,1020,1021,1021,1023,1022,1022,1022,1023
1023,1018,1010,945,944,948,956,962,970,1022
1022,1021,1013,903,910,919,939,955,969,1021
1017,1016,1012,986,987,990,999,1003,1007,1020
1022,1018,1012,979,977,979,992,996,1001,1021
1020,1017,1016,1006,1006,1006,1011,1011,1015,1019
1021,1019,1018,1007,1007,1008,1012,1013,1016,1020
1019,1019,1010,1002,1002,1002,1003,1004,1004,1018
1023,1018,1011,999,997,999,1000,1000,1002,1020
1021,1020,1017,1010,1012,1011,1012,1013,1015,1020
1023,1023,1021,1020,1021,1021,1023,1022,1023,1023
1021,1018,1009,944,941,948,956,963,971,1020
1020,1019,1011,904,909,919,940,955,968,1023
1019,1017,1013,987,988,989,998,1001,1008,1019
1021,1019,1013,979,976,980,992,998,1004,1021
1021,1016,1014,1006,1005,1006,1011,1014,1014,1020
1021,1019,1016,1008,1009,1009,1012,1014,1017,1021
1020,1017,1011,1002,1002,1001,1002,1004,1005,1020
1021,1017,1010,997,999,997,1001,1002,1004,1020
1022,1020,1018,1012,1012,1011,1014,1014,1014,1020
1023,1023,1021,1022,1023,1021,1023,1021,1021,1023
1021,1018,1011,944,944,947,955,962,971,1021
1023,1019,1012,903,907,918,939,955,968,1022
1018,1018,1013,987,987,990,999,1002,1005,1021
1023,1019,1013,978,975,980,991,996,1002,1021
1020,1017,1016,1005,1005,1005,1010,1013,1016,1021
1021,1019,1017,1009,1009,1009,1013,1015,1014,1022
1020,1018,1010,1000,1001,1003,1003,1004,1005,1020
1021,1018,1009,998,997,998,1000,1002,1002,1021
1022,1020,1017,1011,1011,1012,1014,1012,1017,1020
1023,1023,1023,1021,1022,1023,1023,1023,1022,1023
1023,1019,1009,943,943,948,957,963,970,1023
1023,1016,1010,903,909,919,940,954,967,1022
1018,1017,1013,985,987,989,997,1002,1007,1019
1021,1020,1015,977,978,977,992,997,1000,1021
1021,1019,1016,1005,1004,1007,1011,1013,1015,1019
1020,1019,1017,1008,1008,1008,1013,1013,1016,1020
1019,1018,1011,1001,1002,1001,1003,1005,1006,1019
1021,1017,1009,997,997,997,1001,1002,1003,1021
1022,1020,1018,1012,1011,1013,1013,1013,1015,1020
1023,1023,1022,1023,1023,1023,1021,1022,1022,1023
1020,1018,1012,945,945,947,956,963,970,1022
1023,1019,1012,905,909,920,941,956,969,1023
1018,1015,1014,988,988,991,997,1002,1007,1019
1021,1018,1014,978,978,979,991,997,1002,1023
1020,1019,1016,1006,1004,1006,1010,1013,1013,1020
1021,1018,1015,1009,1008,1008,1013,1014,1016,1022
1020,1018,1009,1001,1001,1002,1003,1005,1005,1019
1020,1017,1012,998,998,998,999,1002,1004,1019
1019,1021,1017,1011,1011,1011,1014,1013,1015,1021
1023,1023,1022,1022,1023,1023,1023,1023,1022,1023
1023,1018,1010,945,945,950,957,963,971,1021
1023,1020,1014,905,912,921,939,955,969,1021
1016,1017,1014,986,987,989,998,1004,1006,1019
1023,1019,1014,978,978,979,991,997,1002,1021
1020,1017,1015,1005,1006,1006,1011,1012,1015,1020
1021,1020,1017,1008,1008,1008,1012,1015,1015,1021
1019,1017,1009,1001,1000,1000,1003,1004,1005,1019
1021,1018,1011,997,997,998,1001,1002,1005,1020
1022,1020,1017,1013,1012,1013,1013,1014,1016,1022
1023,1023,1022,1023,1022,1022,1023,1023,1023,1023
1022,1018,1010,945,943,949,957,964,971,1022
1020,1019,1013,906,910,921,942,956,969,1023
1014,1018,1013,987,987,988,998,1003,1007,1021
1019,1019,1012,978,976,979,990,997,1001,1021
1019,1016,1016,1004,1006,1007,1010,1012,1016,1020
1019,1019,1015,1009,1010,1009,1012,1014,1016,1022
1020,1017,1010,1000,1002,1002,1003,1003,1006,1019
1022,1017,1011,997,998,998,999,1002,1003,1020
1020,1020,1017,1011,1010,1011,1012,1013,1014,1020
1023,1023,1022,1022,1023,1022,1023,1022,1023,1023
1021,1019,1012,944,945,949,956,962,971,1022
1023,1020,1013,906,909,919,941,957,968,1023
1016,1018,1013,986,987,990,999,1003,1006,1019
1022,1020,1014,978,976,981,992,995,1001,1023
1019,1018,1015,1006,1005,1005,1009,1012,1014,1022
1020,1021,1016,1008,1008,1008,1013,1014,1015,1021
1018,1019,1010,1001,1002,1002,1003,1005,1005,1019
1022,1020,1010,997,997,998,1002,1001,1004,1020
1017,1017,1018,1011,1012,1012,1013,1014,1014,1021
1022,1023,1021,1023,1023,1021,1022,1023,1022,1023
1023,1019,1011,945,944,948,956,964,971,1021
1021,1020,1014,906,909,921,941,956,968,1022
1018,1017,1013,987,988,991,999,1003,1007,1020
1020,1020,1015,978,978,979,991,998,1003,1021
1020,1019,1017,1006,1005,1006,1011,1013,1016,1019
1022,1019,1016,1008,1009,1009,1012,1013,1016,1021
1020,1019,1010,1001,1001,1001,1002,1004,1004,1018
1021,1016,1011,998,997,996,1002,1001,1004,1019
1019,1019,1018,1012,1012,1013,1013,1014,1014,1023
1023,1023,1021,1023,1023,1022,1022,1023,1023,1023
1019,1020,1011,946,945,948,957,963,971,1022
1023,1021,1013,906,909,921,941,957,967,1023
1017,1017,1013,987,988,991,997,1003,1007,1019
1021,1019,1014,980,978,980,991,997,1002,1021
1019,1018,1015,1005,1004,1005,1012,1012,1014,1021
1022,1018,1015,1007,1008,1009,1012,1016,1015,1022
1020,1018,1011,1001,1002,1002,1004,1004,1006,1019
1021,1019,1012,998,997,998,999,1002,1003,1019
1022,1020,1018,1013,1011,1012,1013,1013,1016,1021
1023,1023,1022,1023,1023,1023,1023,1022,1023,1023
1023,1018,1010,943,945,948,955,963,971,1022
1023,1021,1013,906,908,919,940,956,969,1022
1017,1018,1015,989,987,990,999,1002,1007,1018
1022,1019,1015,977,977,981,992,997,1002,1023
1020,1018,1016,1006,1005,1007,1009,1013,1016,1021
1020,1020,1016,1009,1008,1008,1013,1014,1017,1019
1017,1016,1010,1000,1002,1001,1004,1004,1004,1020
1021,1019,1009,998,998,1000,1000,1002,1002,1021
1021,1020,1018,1013,1012,1011,1014,1014,1015,1021
1023,1023,1020,1022,1023,1022,1023,1022,1023,1023
1021,1018,1011,943,942,946,957,962,968,1022
1022,1021,1010,904,907,919,940,955,968,1023
1016,1016,1013,987,987,990,998,1002,1007,1019
1022,1018,1014,979,976,980,992,996,1002,1021
1020,1018,1014,1005,1005,1006,1011,1012,1015,1021
1021,1019,1016,1008,1009,1009,1011,1014,1015,1023
1019,1017,1011,1000,1002,1002,1002,1005,1005,1019
1020,1019,1011,999,997,997,1000,1002,1004,1018
1020,1021,1018,1011,1011,1011,1013,1014,1015,1022
1023,1023,1022,1023,1023,1023,1023,1023,1021,1023
1022,1019,1009,944,943,947,954,961,970,1022
1022,1020,1013,903,905,918,939,954,968,1021
1018,1018,1012,986,987,990,999,1003,1006,1019
1021,1020,1013,979,976,980,991,998,1002,1023
1020,1019,1015,1006,1005,1006,1010,1013,1014,1020
1021,1020,1017,1009,1008,1009,1014,1014,1015,1021
1018,1018,1010,1001,1002,1000,1003,1004,1004,1019
1021,1017,1011,997,997,999,1001,1001,1004,1019
1021,1020,1017,1012,1012,1013,1013,1013,1015,1021
1022,1023,1021,1023,1023,1022,1023,1022,1023,1023
1023,1017,1012,943,942,946,954,961,968,1021
1023,1019,1012,902,905,919,938,954,968,1023
1017,1016,1012,986,987,990,998,1001,1009,1020
1021,1018,1015,979,978,978,992,996,1002,1020
1021,1018,1017,1004,1005,1006,1009,1011,1015,1019
1022,1021,1016,1009,1008,1009,1013,1012,1017,1022
1018,1018,1011,1002,1001,1001,1002,1004,1005,1020
1018,1019,1011,998,997,999,1000,1002,1004,1020
1020,1021,1015,1011,1012,1013,1013,1014,1015,1022
1023,1023,1020,1023,1023,1022,1022,1023,1022,1023
1019,1019,1011,943,943,947,954,962,969,1021
1023,1023,1011,903,904,919,939,955,967,1023
1016,1018,1013,987,987,991,998,1002,1006,1020
1023,1019,1015,979,978,979,991,999,1002,1022
1020,1020,1016,1004,1003,1006,1011,1013,1014,1021
1020,1019,1016,1007,1008,1008,1013,1015,1015,1022
1018,1019,1010,1000,1001,1002,1002,1004,1005,1019
1021,1017,1010,998,1000,998,1001,1001,1005,1020
1020,1020,1018,1013,1012,1012,1013,1014,1015,1019
1023,1023,1022,1023,1022,1023,1023,1022,1022,1023
1023,1019,1011,943,942,946,955,961,971,1023
1021,1019,1012,903,906,918,939,955,968,1023
1018,1016,1014,988,987,990,997,1003,1007,1019
1020,1020,1014,978,977,981,992,995,1002,1023
1021,1017,1015,1005,1005,1006,1010,1013,1015,1020
1021,1019,1016,1009,1008,1010,1012,1014,1016,1020
1017,1017,1010,1001,1001,1001,1002,1005,1003,1020
1021,1019,1010,998,998,999,1000,1001,1003,1020
1019,1019,1018,1012,1013,1012,1014,1015,1016,1021
1023,1023,1020,1022,1023,1023,1022,1023,1022,1023
1019,1018,1011,941,940,946,954,961,969,1021
1023,1018,1012,903,903,918,940,955,968,1023
1018,1017,1015,988,987,989,999,1003,1007,1020
1021,1020,1015,979,977,980,991,996,1001,1020
1021,1018,1015,1004,1004,1005,1011,1011,1015,1019
1022,1018,1015,1007,1009,1009,1014,1012,1015,1022
1018,1017,1010,1000,1002,1001,1003,1004,1006,1020
1021,1017,1010,999,997,997,999,1001,1004,1020
1022,1021,1018,1013,1011,1012,1012,1013,1015,1022
1023,1023,1021,1022,1023,1023,1022,1023,1022,1023
1023,1017,1010,943,940,945,952,962,970,1022
1021,1020,1013,903,900,917,936,955,967,1023
1017,1019,1015,987,988,989,998,1003,1006,1022
1021,1019,1012,978,976,980,991,997,1002,1023
1020,1019,1015,1005,1005,1006,1009,1013,1014,1020
1019,1020,1016,1008,1008,1009,1011,1014,1015,1020
1019,1018,1012,1002,1001,1001,1002,1005,1005,1020
1020,1019,1010,997,998,997,1002,1002,1005,1020
1021,1019,1018,1012,1013,1011,1014,1014,1015,1021
1023,1023,1022,1022,1021,1023,1023,1023,1022,1022
1022,1018,1012,941,940,945,954,960,968,1022
1023,1020,1012,901,900,915,938,954,968,1023
1019,1016,1013,986,986,990,996,1002,1007,1018
1022,1020,1015,980,976,980,992,995,1001,1022
1021,1018,1015,1005,1004,1004,1012,1010,1015,1021
1021,1018,1014,1009,1009,1010,1012,1014,1016,1020
1016,1019,1011,1001,1000,1002,1003,1004,1006,1020
1018,1018,1010,997,996,998,1000,1002,1003,1021
1021,1019,1015,1012,1012,1010,1013,1014,1013,1019
1023,1023,1023,1023,1023,1023,1023,1022,1021,1023
1019,1022,1012,943,941,946,953,962,969,1023
1021,1020,1010,900,902,916,937,955,968,1022
1018,1016,1013,987,987,991,998,1004,1007,1020
1020,1019,1014,979,975,979,991,997,1001,1022
1020,1019,1015,1005,1006,1007,1009,1011,1014,1020
1020,1021,1015,1008,1009,1009,1011,1014,1015,1020
1018,1018,1009,1001,1003,1001,1003,1004,1006,1020
1020,1018,1012,998,996,998,1000,1002,1003,1019
1020,1020,1018,1011,1012,1012,1014,1013,1014,1022
1023,1023,1022,1022,1022,1021,1023,1022,1022,1023
1022,1018,1012,943,940,945,954,961,970,1022
1023,1020,1013,902,902,917,939,953,967,1023
1018,1018,1014,988,987,988,1000,1002,1008,1021
1023,1019,1014,978,976,980,991,996,1002,1022
1020,1018,1015,1006,1004,1006,1011,1012,1014,1019
1020,1020,1015,1009,1008,1010,1014,1014,1015,1021
1017,1017,1010,1001,1002,1001,1002,1005,1006,1021
1018,1017,1010,998,998,998,999,1003,1004,1021
1021,1020,1018,1012,1012,1012,1014,1015,1015,1021
1023,1023,1022,1022,1023,1022,1023,1023,1023,1023
1022,1019,1011,943,940,946,954,960,970,1023
1023,1022,1014,901,901,914,939,954,967,1023
1018,1019,1014,988,986,990,998,1002,1008,1019
1023,1018,1013,977,976,980,992,995,1002,1023
1020,1016,1016,1005,1004,1005,1011,1012,1016,1022
1021,1020,1018,1009,1010,1008,1012,1013,1015,1019
1018,1020,1011,1002,1000,1001,1003,1004,1005,1020
1022,1019,1012,996,997,997,1001,1001,1003,1021
1022,1019,1017,1012,1012,1012,1012,1015,1016,1022
1023,1023,1021,1023,1021,1022,1023,1022,1023,1023
1022,1020,1012,942,941,946,955,962,968,1022
1022,1023,1015,900,902,916,936,953,966,1023
1019,1019,1013,987,984,990,998,1002,1007,1021
1020,1018,1014,979,976,978,992,998,1000,1020
1020,1019,1017,1004,1004,1005,1009,1012,1013,1019
1021,1020,1018,1009,1007,1010,1012,1014,1016,1022
1018,1017,1010,1001,1001,1002,1002,1005,1006,1021
1021,1018,1008,997,998,998,1000,1003,1004,1020
1022,1019,1018,1013,1012,1012,1013,1014,1015,1021
1023,1023,1023,1022,1023,1023,1023,1022,1022,1023
1023,1020,1012,942,942,945,953,960,970,1022
1023,1019,1012,899,901,916,938,954,967,1023
1019,1019,1013,987,987,989,1000,1003,1006,1018
1023,1021,1012,977,976,980,989,995,1003,1021
1020,1018,1014,1006,1004,1006,1010,1012,1014,1020
1019,1020,1016,1009,1009,1007,1012,1014,1014,1020
1016,1018,1011,1001,999,1001,1003,1004,1005,1020
1023,1019,1009,998,997,997,1000,1001,1005,1018
1020,1019,1017,1013,1011,1011,1015,1014,1014,1020
1023,1023,1022,1022,1022,1023,1022,1022,1022,1023
1020,1019,1011,942,940,946,954,962,971,1022
1023,1020,1013,902,901,917,939,956,966,1022
1017,1016,1014,988,986,990,998,1001,1005,1020
1023,1020,1014,978,976,981,991,996,1003,1021
1021,1018,1015,1006,1003,1005,1008,1013,1015,1020
1021,1019,1017,1009,1008,1009,1013,1014,1015,1021
1018,1017,1011,1001,1001,1001,1003,1004,1005,1018
1022,1018,1012,997,997,998,1001,1000,1004,1019
1021,1021,1017,1012,1012,1012,1014,1013,1015,1021
1023,1023,1020,1022,1023,1022,1023,1023,1023,1023
1023,1018,1012,942,942,945,956,961,968,1021
1022,1021,1014,902,901,917,939,954,966,1023
1016,1018,1013,987,986,990,999,1003,1009,1019
1021,1019,1013,977,975,977,991,996,1001,1020
1019,1018,1014,1006,1004,1006,1010,1012,1014,1019
1021,1020,1016,1008,1009,1009,1013,1014,1016,1022
1018,1017,1009,1000,1001,1001,1003,1005,1005,1019
1019,1018,1012,997,997,998,1001,1002,1003,1019
1020,1021,1016,1012,1010,1012,1014,1014,1015,1021
1023,1023,1021,1023,1022,1023,1021,1022,1023,1023
1022,1019,1011,942,938,946,953,960,969,1022
1022,1020,1013,899,900,916,938,954,965,1021
1016,1018,1015,988,987,989,998,1003,1005,1020
1022,1019,1014,978,976,980,991,996,1003,1020
1020,1018,1017,1004,1004,1006,1011,1013,1014,1021
1021,1019,1016,1009,1008,1009,1012,1014,1015,1021
1018,1017,1012,1000,1001,1001,1003,1004,1004,1020
1021,1020,1011,997,997,999,1000,1002,1005,1022
1022,1019,1016,1012,1012,1011,1014,1015,1015,1020
1022,1023,1022,1021,1021,1022,1023,1021,1022,1022
1023,1018,1010,942,940,946,954,962,969,1023
1020,1021,1012,901,901,916,937,954,967,1022
1018,1018,1013,987,987,990,998,1004,1007,1018
1019,1019,1015,979,974,979,992,997,1000,1022
1020,1019,1015,1006,1005,1007,1010,1012,1015,1022
1021,1019,1015,1009,1008,1009,1012,1014,1016,1021
1020,1017,1010,1001,1002,1002,1003,1005,1006,1019
1019,1017,1010,998,998,998,1001,1001,1003,1020
1021,1020,1018,1010,1012,1012,1013,1013,1014,1022
1023,1023,1020,1022,1022,1022,1022,1022,1023,1023
1021,1019,1010,943,941,945,955,962,971,1020
1023,1020,1012,901,904,917,940,955,968,1022
1018,1018,1013,987,986,989,999,1001,1005,1020
1022,1019,1013,977,976,979,991,996,1002,1021
1020,1017,1016,1004,1005,1004,1012,1015,1016,1020
1021,1019,1016,1008,1008,1009,1012,1013,1016,1022
1016,1019,1010,1002,1001,1001,1003,1005,1006,1020
1021,1018,1010,998,998,998,1000,1003,1004,1020
1019,1019,1017,1011,1010,1011,1014,1015,1013,1022
1023,1023,1022,1023,1020,1023,1022,1022,1020,1023
1018,1019,1011,942,941,945,953,962,970,1020
1020,1020,1013,902,904,917,939,956,968,1023
1017,1016,1014,987,986,990,998,1001,1007,1020
1021,1020,1014,979,975,980,991,996,1000,1022
1020,1019,1016,1006,1005,1005,1011,1013,1016,1021
1022,1018,1017,1009,1009,1010,1013,1015,1015,1022
1020,1018,1010,1001,1001,1000,1003,1004,1005,1020
1022,1019,1011,998,999,998,1000,1001,1003,1021
1021,1022,1016,1012,1012,1012,1013,1014,1017,1019
1023,1023,1021,1022,1021,1021,1023,1023,1022,1023
1023,1017,1009,944,943,946,955,961,970,1023
1022,1021,1012,903,904,917,938,954,969,1022
1017,1017,1012,987,987,987,998,1003,1007,1018
1020,1019,1014,978,975,979,992,996,1001,1021
1018,1018,1013,1006,1005,1006,1011,1012,1015,1018
1020,1021,1016,1007,1008,1009,1012,1012,1017,1022
1018,1016,1011,1001,1001,1001,1003,1004,1005,1019
1022,1019,1010,998,997,999,1000,1002,1004,1021
1021,1020,1018,1012,1012,1013,1013,1014,1015,1021
1023,1023,1023,1022,1021,1022,1022,1023,1023,1023
1022,1019,1011,944,940,946,956,963,970,1022
1023,1022,1012,903,904,918,941,955,968,1023
1016,1017,1014,987,987,989,997,1001,1007,1020
1022,1018,1013,978,977,977,990,997,1001,1021
1019,1019,1016,1005,1004,1005,1012,1012,1013,1020
1020,1020,1017,1008,1009,1009,1013,1013,1016,1019
1019,1018,1010,1000,1003,1002,1002,1004,1005,1019
1021,1019,1010,997,998,998,999,1002,1004,1020
1021,1020,1017,1012,1012,1011,1013,1014,1014,1021
1023,1023,1022,1022,1022,1022,1022,1022,1021,1023
1022,1020,1011,944,942,948,956,962,972,1021
1021,1020,1013,904,904,917,938,956,970,1023
1020,1016,1014,986,986,988,998,1002,1006,1020
1022,1018,1012,975,971,976,989,995,1001,1022
1019,1019,1015,1006,1005,1006,1010,1012,1015,1020
1021,1017,1016,1009,1008,1008,1013,1015,1014,1021
1020,1018,1011,1001,1002,1002,1003,1005,1005,1020
1021,1018,1012,998,998,998,1001,1003,1003,1019
1021,1020,1017,1013,1012,1011,1014,1014,1015,1019
1022,1023,1022,1022,1022,1022,1022,1022,1022,1023
1021,1017,1011,947,949,951,959,965,974,1021
1023,1020,1013,908,915,921,945,956,970,1023
1018,1018,1014,986,987,988,996,1001,1007,1019
1022,1019,1014,975,975,975,989,995,1000,1022
1019,1017,1016,1004,1006,1005,1011,1013,1014,1021
1021,1019,1018,1008,1008,1009,1013,1013,1015,1018
1019,1017,1011,1001,1001,1001,1003,1005,1006,1019
1021,1018,1011,998,997,997,1000,1003,1002,1021
1022,1021,1016,1012,1011,1012,1014,1012,1016,1020
1023,1023,1022,1022,1022,1023,1021,1022,1022,1023
1019,1018,1011,948,945,949,957,964,971,1023
1023,1021,1010,907,905,918,940,956,969,1023
1017,1016,1013,988,985,989,999,1002,1007,1019
1023,1018,1012,976,972,975,988,996,999,1023
1019,1018,1015,1006,1004,1005,1010,1011,1014,1020
1021,1019,1015,1009,1008,1009,1013,1013,1017,1020
1019,1019,1010,1002,1001,1001,1003,1004,1005,1018
1023,1018,1010,997,1000,998,999,1001,1004,1020
1021,1020,1017,1011,1011,1011,1013,1014,1014,1021
1023,1023,1023,1022,1022,1022,1023,1022,1022,1023
1023,1020,1012,946,943,948,955,961,971,1020
1020,1020,1014,908,905,917,940,954,968,1022
1018,1018,1012,986,984,988,997,1003,1007,1021
1018,1021,1015,976,970,974,990,994,1001,1022
1019,1018,1016,1004,1004,1005,1009,1012,1015,1018
1022,1019,1015,1009,1007,1009,1011,1014,1015,1020
1018,1017,1010,1001,999,1000,1003,1005,1005,1021
1021,1018,1009,999,997,998,1001,1002,1004,1019
1021,1018,1017,1012,1013,1013,1013,1014,1015,1021
1023,1023,1021,1022,1022,1022,1021,1022,1022,1023
1022,1018,1011,944,941,946,955,963,971,1021
1023,1019,1013,903,901,917,939,953,970,1022
1018,1017,1014,987,985,988,996,1003,1006,1020
1021,1020,1014,976,971,972,987,995,1001,1022
1020,1017,1017,1005,1004,1005,1012,1012,1016,1019
1023,1020,1018,1008,1009,1010,1011,1015,1015,1020
1019,1017,1012,1001,1001,1002,1003,1004,1005,1019
1021,1018,1011,998,997,997,1000,1002,1003,1020
1022,1021,1017,1012,1011,1012,1014,1014,1016,1022
1022,1023,1022,1023,1021,1023,1022,1022,1022,1022
1023,1019,1010,944,942,947,955,962,971,1022
1022,1021,1012,905,903,915,939,955,967,1023
1016,1017,1012,987,983,988,997,1002,1006,1020
1019,1020,1013,975,969,973,990,995,1000,1019
1021,1019,1016,1008,1005,1006,1010,1013,1014,1021
1021,1020,1015,1009,1008,1008,1013,1015,1016,1022
1020,1019,1011,1001,1001,1001,1002,1004,1005,1019
1021,1018,1012,997,997,998,1000,1001,1004,1019
1021,1020,1018,1012,1012,1012,1012,1013,1015,1021
1023,1023,1021,1021,1023,1022,1023,1022,1022,1023
1023,1019,1012,943,941,946,954,961,971,1020
1022,1019,1014,902,899,915,939,954,968,1022
1018,1016,1014,985,985,988,997,1001,1006,1019
1020,1019,1014,976,971,973,989,994,1001,1022
1020,1016,1016,1006,1004,1004,1011,1013,1014,1020
1021,1020,1018,1009,1007,1010,1012,1014,1016,1019
1018,1019,1012,1002,1000,1001,1004,1004,1006,1020
1020,1019,1010,998,996,997,1001,1001,1004,1019
1020,1020,1017,1012,1011,1013,1013,1015,1015,1021
1023,1023,1021,1021,1022,1022,1023,1021,1022,1023
1020,1020,1010,944,941,945,956,962,970,1022
1022,1022,1012,902,897,915,937,955,966,1022
1016,1017,1013,986,985,988,998,1002,1006,1018
1022,1020,1012,977,970,973,989,995,1001,1022
1020,1018,1016,1006,1004,1006,1012,1013,1014,1019
1022,1020,1015,1007,1007,1008,1012,1015,1016,1022
1019,1014,1010,1000,1000,1001,1001,1004,1005,1020
1022,1017,1011,997,997,996,1000,1002,1004,1021
1022,1020,1017,1012,1012,1012,1013,1013,1017,1022
1023,1023,1022,1021,1022,1022,1022,1021,1022,1023
1023,1017,1012,942,941,946,954,961,969,1020
1022,1019,1012,899,898,912,938,953,967,1023
1016,1016,1013,987,984,987,998,1001,1006,1020
1021,1019,1015,975,971,974,987,994,1000,1021
1020,1017,1015,1004,1004,1006,1010,1011,1013,1021
1021,1018,1017,1009,1007,1008,1013,1013,1016,1022
1020,1020,1011,1000,1002,1000,1002,1005,1005,1019
1018,1020,1009,999,997,998,1000,1002,1003,1020
1023,1019,1017,1013,1011,1012,1013,1014,1015,1021
1022,1023,1022,1021,1021,1022,1022,1023,1022,1023
1021,1020,1009,942,939,946,954,962,970,1021
1021,1021,1013,899,898,914,937,953,968,1023
1019,1016,1015,986,983,988,998,1003,1007,1022
1022,1020,1012,975,969,975,989,995,1001,1023
1021,1019,1016,1005,1005,1005,1011,1013,1013,1017
1022,1019,1016,1008,1008,1009,1013,1014,1015,1021
1020,1015,1011,1001,1001,1000,1004,1004,1006,1020
1022,1018,1012,998,997,997,1000,1001,1004,1020
1023,1021,1019,1012,1013,1011,1012,1012,1014,1020
1023,1023,1021,1021,1022,1022,1021,1020,1021,1023
1023,1020,1013,942,940,943,954,961,969,1023
1023,1019,1013,899,896,913,935,953,968,1023
1019,1019,1013,987,984,988,997,1002,1006,1021
1022,1018,1015,976,970,973,989,993,1000,1022
1021,1018,1016,1005,1003,1006,1010,1013,1015,1021
1022,1021,1017,1007,1009,1009,1011,1014,1015,1022
1022,1019,1010,1001,1000,1001,1002,1004,1005,1020
1021,1019,1011,997,997,996,1000,1002,1003,1020
1020,1020,1017,1013,1012,1012,1014,1014,1015,1022
1023,1023,1022,1021,1021,1021,1023,1022,1023,1023
1022,1020,1013,941,939,943,954,961,969,1023
1023,1022,1012,898,895,911,938,952,966,1023
1020,1017,1014,988,984,988,998,1003,1007,1019
1020,1018,1015,976,968,974,989,995,1002,1022
1022,1019,1017,1004,1003,1004,1011,1012,1014,1019
1021,1019,1015,1009,1008,1008,1013,1013,1015,1020
1020,1019,1012,1001,1001,1000,1003,1004,1005,1020
1022,1018,1011,997,997,997,1000,1001,1004,1020
1022,1020,1016,1012,1013,1011,1013,1013,1017,1022
1023,1023,1021,1019,1022,1021,1022,1022,1022,1023
1022,1020,1011,941,938,944,953,961,968,1022
1022,1023,1010,898,896,912,936,953,966,1022
1018,1016,1013,987,985,987,997,1003,1007,1023
1022,1020,1015,975,970,975,988,996,1002,1023
1018,1019,1014,1005,1002,1005,1012,1013,1014,1018
1021,1018,1015,1008,1007,1008,1011,1014,1015,1020
1020,1019,1011,1000,1002,1000,1003,1003,1005,1020
1021,1018,1012,998,997,998,1000,1002,1005,1022
1021,1019,1017,1012,1011,1013,1014,1015,1017,1021
1023,1023,1022,1021,1022,1021,1023,1021,1021,1023
1023,1018,1010,942,939,944,953,960,968,1022
1023,1020,1013,899,895,913,936,953,967,1023
1018,1018,1015,986,984,988,999,1003,1007,1021
1023,1019,1014,975,971,975,988,994,1000,1021
1022,1017,1015,1005,1002,1006,1010,1012,1014,1020
1021,1019,1018,1009,1008,1009,1013,1014,1016,1022
1022,1018,1009,1000,1000,1000,1002,1004,1004,1019
1023,1019,1011,998,997,997,1000,1002,1004,1019
1022,1021,1019,1013,1011,1013,1012,1014,1015,1022
1022,1023,1020,1022,1020,1022,1023,1022,1022,1023
1023,1020,1011,942,938,944,953,961,969,1021
1020,1019,1011,899,894,911,936,952,966,1023
1018,1017,1014,985,983,988,997,1003,1007,1022
1023,1020,1015,975,969,972,989,995,1000,1021
1021,1017,1016,1006,1004,1005,1012,1012,1014,1021
1022,1019,1017,1010,1007,1008,1012,1013,1016,1022
1020,1016,1009,1001,1001,1001,1002,1004,1005,1021
1022,1019,1011,998,995,998,1001,1001,1005,1020
1021,1020,1018,1011,1013,1011,1014,1014,1015,1020
1023,1023,1022,1023,1022,1022,1021,1021,1021,1023
1023,1020,1012,942,939,946,955,961,970,1023
1023,1021,1012,898,896,912,936,955,968,1023
1019,1019,1013,987,985,989,998,1002,1005,1020
1021,1020,1014,975,969,975,989,993,999,1023
1018,1018,1016,1004,1004,1004,1009,1013,1015,1021
1021,1020,1017,1008,1008,1009,1013,1014,1016,1021
1022,1018,1010,1000,1000,1001,1003,1004,1005,1020
1020,1018,1010,997,997,996,999,1002,1003,1021
1022,1020,1018,1013,1012,1012,1012,1012,1016,1020
1022,1023,1023,1022,1022,1021,1022,1021,1022,1023
1023,1020,1011,942,941,944,954,961,970,1021
1023,1021,1011,900,898,914,936,953,967,1023
1019,1016,1015,987,984,988,998,1003,1006,1022
1022,1019,1015,976,971,973,989,995,1001,1021
1022,1017,1015,1005,1004,1005,1011,1013,1013,1019
1021,1017,1016,1010,1008,1008,1011,1013,1015,1021
1020,1020,1011,1000,1001,1000,1003,1005,1005,1019
1022,1019,1010,997,997,997,999,1001,1003,1019
1020,1019,1016,1013,1013,1011,1014,1014,1016,1021
1023,1023,1022,1021,1021,1023,1022,1023,1022,1023
1020,1020,1013,942,941,946,955,962,969,1022
1019,1021,1011,900,898,915,936,954,966,1023
1018,1018,1013,987,983,987,997,1001,1007,1020
1021,1020,1015,975,970,973,988,995,1001,1023
1020,1019,1014,1005,1004,1005,1011,1012,1014,1020
1022,1019,1017,1008,1008,1009,1012,1013,1015,1023
1022,1018,1009,1001,1000,1001,1001,1003,1005,1019
1021,1017,1012,998,997,997,1000,1002,1004,1020
1020,1020,1017,1012,1013,1011,1015,1014,1015,1020
1023,1023,1020,1022,1021,1023,1022,1022,1021,1023
1023,1018,1013,942,940,945,954,962,969,1021
1022,1022,1014,900,898,912,936,953,968,1023
1018,1019,1012,985,984,988,998,1003,1008,1019
1022,1018,1015,974,971,974,988,993,1000,1020
1022,1018,1017,1007,1005,1003,1009,1013,1015,1021
1021,1019,1016,1008,1008,1009,1013,1015,1016,1021
1021,1018,1010,1001,1001,1002,1003,1005,1004,1020
1021,1018,1010,998,997,998,998,1002,1004,1020
1022,1020,1016,1012,1012,1013,1014,1014,1016,1020
1023,1023,1020,1021,1022,1022,1022,1021,1020,1022
1022,1018,1011,943,938,945,953,960,968,1021
1022,1019,1012,900,898,912,935,953,967,1021
1017,1018,1013,985,985,987,998,1002,1007,1018
1023,1019,1013,975,971,975,990,995,1000,1022
1020,1017,1015,1006,1004,1006,1011,1011,1015,1019
1022,1020,1016,1008,1008,1007,1011,1014,1016,1020
1020,1018,1012,1001,1001,1000,1003,1004,1006,1018
1022,1018,1011,997,997,999,1001,1002,1004,1021
1022,1020,1017,1013,1012,1012,1013,1014,1015,1022
1023,1023,1021,1022,1022,1021,1021,1022,1022,1023
1021,1019,1012,941,940,943,953,962,970,1021
1021,1020,1014,899,893,911,935,953,965,1023
1019,1018,1011,987,985,988,999,1002,1007,1019
1021,1019,1014,974,970,974,989,994,1001,1021
1019,1018,1018,1006,1004,1005,1010,1014,1016,1020
1022,1021,1016,1009,1008,1010,1014,1014,1016,1021
1022,1018,1009,1001,1001,1001,1003,1003,1004,1019
1020,1018,1009,998,998,996,999,1000,1004,1020
1022,1020,1018,1012,1012,1012,1012,1014,1015,1020
1023,1023,1021,1020,1023,1022,1022,1022,1022,1023
1023,1019,1011,940,938,944,953,962,968,1022
1023,1021,1012,897,895,913,936,952,966,1022
1019,1018,1015,986,985,986,997,1003,1006,1020
1022,1019,1015,974,970,974,989,995,1000,1022
1020,1017,1015,1006,1004,1006,1010,1013,1011,1019
1020,1019,1017,1009,1009,1008,1011,1013,1016,1021
1020,1018,1010,1001,1001,1001,1003,1006,1003,1020
1023,1017,1010,998,996,997,1000,1000,1003,1021
1020,1020,1019,1011,1012,1013,1014,1014,1016,1021
1023,1023,1022,1021,1022,1022,1022,1023,1022,1023
1018,1019,1009,941,938,945,954,960,969,1022
1020,1017,1013,898,895,911,935,952,966,1021
1017,1016,1012,985,984,987,997,1003,1008,1021
1020,1019,1014,976,970,975,989,996,1000,1022
1020,1018,1015,1007,1003,1005,1011,1011,1015,1021
1019,1018,1018,1009,1008,1009,1012,1014,1017,1022
1020,1017,1009,1001,1001,1000,1002,1004,1005,1020
1022,1018,1011,996,998,997,1000,1002,1004,1020
1022,1020,1018,1011,1012,1012,1014,1015,1015,1022
1023,1023,1021,1021,1023,1022,1022,1021,1023,1023
1023,1019,1012,940,939,943,953,960,969,1021
1022,1022,1012,896,895,911,935,954,965,1023
1018,1017,1012,986,985,987,999,1002,1007,1019
1021,1018,1014,974,970,974,989,992,1001,1021
1019,1018,1017,1005,1004,1006,1010,1013,1014,1020
1021,1020,1016,1008,1007,1008,1013,1014,1016,1020
1021,1019,1010,1001,1001,1002,1004,1004,1004,1020
1020,1019,1011,997,997,996,998,1001,1005,1019
1019,1020,1016,1011,1011,1011,1013,1014,1014,1022
1023,1023,1020,1022,1021,1022,1022,1021,1021,1023
1020,1018,1012,940,937,944,953,960,970,1022
1022,1020,1014,896,894,911,936,953,966,1022
1018,1018,1013,986,983,988,998,1002,1006,1020
1022,1018,1015,975,971,975,989,995,1001,1020
1020,1017,1016,1005,1003,1005,1010,1011,1015,1021
1023,1019,1015,1008,1007,1008,1012,1015,1016,1020
1021,1018,1010,1000,1002,1001,1002,1005,1005,1021
1023,1018,1009,997,996,997,1000,1002,1002,1020
1022,1019,1016,1012,1011,1012,1014,1012,1015,1021
1023,1022,1022,1020,1022,1021,1021,1021,1022,1023
1021,1020,1011,942,938,943,953,961,968,1023
1021,1021,1012,897,895,911,936,952,966,1023
1019,1017,1013,985,985,989,998,1002,1007,1020
1019,1020,1014,976,969,974,988,992,1000,1023
1020,1019,1015,1007,1002,1006,1011,1012,1014,1020
1021,1021,1016,1007,1006,1008,1013,1012,1015,1021
1020,1018,1011,1001,1001,1002,1003,1004,1007,1019
1020,1018,1011,997,997,997,999,1000,1003,1022
1022,1019,1018,1012,1011,1012,1014,1014,1015,1021
1023,1023,1020,1021,1021,1022,1021,1021,1023,1023
1023,1016,1012,941,938,944,953,960,968,1022
1023,1020,1013,896,896,912,935,953,966,1023
1018,1017,1012,986,984,987,997,1002,1007,1020
1022,1020,1014,974,971,975,990,995,1002,1020
1020,1017,1017,1004,1004,1006,1012,1012,1014,1021
1020,1019,1016,1010,1007,1008,1010,1015,1015,1021
1018,1017,1010,1000,1001,1001,1003,1004,1006,1019
1020,1018,1011,997,997,998,998,1001,1002,1019
1021,1022,1016,1013,1012,1012,1014,1013,1015,1020
1023,1023,1021,1021,1022,1022,1023,1022,1022,1023
1020,1019,1012,941,938,945,953,961,969,1022
1023,1021,1013,896,895,911,935,953,966,1022
1017,1017,1012,987,983,988,998,1002,1006,1020
1022,1019,1015,974,969,975,989,995,999,1023
1018,1017,1015,1003,1004,1005,1010,1014,1014,1021
1020,1019,1015,1009,1009,1007,1011,1014,1015,1021
1018,1018,1010,1001,1000,1002,1003,1004,1006,1019
1021,1019,1010,997,998,998,1000,999,1004,1021
1022,1018,1018,1012,1011,1011,1011,1013,1015,1020
1023,1023,1021,1023,1020,1021,1022,1019,1023,1022
1022,1019,1011,940,938,943,953,960,969,1021
1023,1019,1014,897,896,912,935,952,967,1022
1018,1018,1013,987,984,987,997,1002,1007,1020
1022,1020,1015,974,970,974,989,994,1003,1021
1021,1018,1017,1005,1004,1005,1011,1013,1014,1019
1022,1019,1016,1008,1007,1008,1012,1013,1017,1021
1018,1017,1010,1001,1000,1001,1002,1005,1004,1020
1022,1018,1010,996,995,997,999,1001,1004,1020
1022,1020,1018,1012,1012,1012,1014,1013,1015,1021
1023,1023,1020,1022,1022,1022,1022,1023,1021,1023
1020,1019,1011,940,936,943,953,960,967,1023
1021,1019,1012,896,893,911,936,951,966,1022
1020,1018,1012,986,983,988,998,1002,1005,1021
1020,1018,1014,975,971,974,989,995,1002,1022
1021,1017,1015,1005,1003,1005,1011,1012,1015,1021
1020,1019,1016,1007,1007,1008,1014,1014,1014,1022
1020,1017,1009,1001,1000,1001,1002,1004,1005,1020
1020,1017,1012,997,997,997,1000,1001,1003,1020
1021,1020,1017,1012,1011,1012,1012,1014,1017,1021
1023,1023,1022,1021,1022,1021,1022,1021,1021,1022
1023,1018,1011,941,938,943,952,960,969,1021
1021,1019,1011,897,895,911,935,953,966,1023
1018,1018,1014,986,984,986,997,1002,1007,1017
1022,1019,1014,974,967,973,987,993,1000,1021
1021,1018,1016,1003,1004,1005,1010,1013,1014,1021
1021,1021,1016,1009,1008,1009,1012,1014,1017,1021
1018,1018,1010,1001,1000,1001,1001,1004,1004,1020
1022,1016,1010,997,997,996,1000,1000,1003,1021
1022,1019,1017,1012,1011,1013,1013,1014,1014,1021
1023,1023,1020,1022,1022,1022,1021,1022,1022,1023
1022,1020,1010,941,939,944,953,960,969,1022
1023,1020,1013,897,895,912,936,952,966,1021
1018,1015,1011,986,983,987,996,1002,1007,1021
1020,1018,1015,973,969,974,988,994,1000,1022
1020,1017,1015,1005,1004,1005,1010,1010,1016,1019
1022,1018,1016,1008,1008,1007,1012,1013,1016,1020
1017,1018,1010,1001,1001,1001,1002,1004,1005,1020
1018,1019,1012,998,997,996,1000,1001,1003,1018
1022,1019,1018,1012,1012,1011,1014,1014,1014,1021
1023,1023,1021,1022,1022,1022,1022,1022,1023,1023
1022,1020,1010,941,939,944,953,961,969,1022
1022,1020,1012,896,894,910,936,953,967,1021
1019,1016,1013,985,982,989,997,1003,1005,1019
1020,1021,1013,974,970,975,988,995,1001,1023
1021,1019,1015,1006,1004,1004,1010,1013,1015,1020
1022,1020,1017,1010,1007,1010,1012,1014,1015,1021
1018,1017,1010,1001,1000,1001,1004,1005,1004,1020
1020,1018,1008,996,996,996,998,1001,1004,1020
1020,1019,1018,1012,1012,1011,1014,1014,1014,1022
1023,1023,1022,1023,1022,1022,1022,1022,1021,1023
1023,1018,1011,940,938,943,952,961,970,1022
1023,1019,1012,895,894,912,934,951,967,1023
1016,1017,1012,987,984,988,999,1002,1006,1019
1022,1018,1014,974,969,973,988,994,1001,1020
1019,1018,1016,1005,1003,1007,1010,1011,1015,1021
1021,1020,1015,1008,1009,1008,1013,1014,1017,1022
1016,1019,1011,1001,1001,1001,1003,1005,1006,1019
1021,1020,1009,996,995,997,1000,1001,1004,1020
1021,1020,1016,1013,1010,1013,1013,1014,1015,1021
1022,1023,1021,1022,1022,1020,1022,1022,1021,1023
1021,1019,1011,940,936,943,952,961,969,1022
1021,1020,1011,896,893,911,936,953,965,1022
1018,1017,1013,986,984,988,998,1004,1006,1020
1023,1018,1015,976,971,973,988,996,1000,1020
1020,1019,1016,1006,1002,1004,1011,1013,1013,1020
1020,1019,1015,1008,1007,1009,1013,1013,1015,1023
1018,1017,1010,1000,1001,1002,1004,1004,1006,1020
1022,1019,1010,997,997,997,999,1002,1005,1021
1020,1020,1020,1013,1012,1012,1014,1013,1015,1019
1023,1023,1020,1021,1021,1022,1022,1022,1023,1023
1022,1020,1011,940,938,943,954,960,970,1022
1021,1018,1012,897,893,911,936,952,966,1022
1018,1018,1015,986,984,989,998,1001,1006,1021
1022,1020,1015,975,970,973,990,993,1001,1022
1020,1018,1014,1006,1004,1006,1011,1013,1016,1021
1021,1019,1017,1009,1006,1008,1013,1013,1017,1021
1018,1018,1010,1001,1002,1000,1003,1006,1006,1021
1021,1020,1011,997,995,998,1000,1002,1002,1020
1022,1020,1016,1012,1011,1011,1014,1014,1015,1022
1023,1023,1020,1021,1022,1021,1023,1022,1022,1023
1022,1017,1013,940,939,943,952,960,966,1022
1023,1021,1011,896,892,911,936,951,966,1022
1019,1019,1011,985,984,987,998,1002,1008,1020
1023,1018,1014,975,970,974,990,996,1001,1022
1020,1018,1017,1006,1003,1005,1012,1013,1015,1019
1021,1021,1016,1009,1008,1008,1012,1013,1015,1021
1017,1017,1012,1002,1002,1001,1003,1003,1006,1019
1022,1018,1012,998,995,997,998,1002,1004,1020
1021,1020,1016,1011,1011,1013,1014,1012,1017,1022
1023,1023,1020,1021,1022,1021,1021,1020,1021,1023
1022,1018,1010,941,939,943,952,961,968,1020
1022,1021,1014,896,893,911,934,951,965,1022
1018,1017,1013,986,984,988,997,1003,1006,1022
1022,1018,1013,975,970,976,989,996,1001,1022
1019,1019,1017,1005,1003,1006,1011,1012,1014,1020
1021,1019,1016,1011,1007,1008,1013,1015,1015,1022
1018,1017,1011,1001,1001,1000,1003,1005,1005,1020
1021,1019,1010,996,998,996,1001,1001,1004,1022
1022,1019,1018,1011,1012,1012,1014,1014,1016,1020
1023,1023,1022,1022,1020,1022,1022,1023,1022,1022
1023,1020,1011,940,938,943,954,959,968,1023
1022,1020,1011,896,893,911,933,951,966,1023
1019,1016,1013,986,984,987,998,1003,1007,1019
1022,1021,1016,975,969,973,990,994,999,1023
1022,1019,1015,1004,1004,1004,1010,1012,1016,1021
1021,1018,1016,1009,1008,1009,1013,1015,1016,1019
1018,1018,1011,1000,1000,1002,1003,1002,1006,1021
1023,1019,1010,996,997,996,1000,1002,1003,1020
1022,1019,1017,1013,1012,1012,1013,1016,1015,1020
1023,1023,1022,1022,1022,1022,1022,1022,1021,1023
1022,1019,1012,940,936,943,953,960,968,1023
1022,1020,1011,896,893,911,933,953,966,1023
1019,1018,1014,987,984,987,997,1004,1007,1020
1022,1019,1015,974,970,974,989,995,999,1022
1020,1018,1014,1005,1004,1005,1010,1012,1013,1022
1020,1019,1017,1009,1008,1009,1012,1015,1015,1022
1020,1017,1009,1000,1001,1001,1001,1004,1005,1020
1020,1019,1011,997,996,997,1000,1003,1004,1021
1020,1020,1018,1011,1012,1011,1012,1013,1014,1020
1022,1022,1020,1021,1021,1021,1022,1022,1022,1023
1023,1019,1012,941,937,944,952,960,968,1022
1023,1019,1015,896,894,911,936,951,966,1021
1019,1019,1011,984,984,988,997,1004,1007,1021
1022,1020,1013,975,968,974,989,995,998,1021
1020,1016,1016,1006,1003,1005,1010,1012,1013,1020
1020,1019,1016,1007,1007,1007,1012,1013,1016,1022
1016,1019,1009,1002,1000,1002,1002,1005,1006,1019
1020,1018,1012,996,997,998,1000,1002,1004,1021
1021,1021,1018,1010,1011,1012,1015,1013,1015,1023
1023,1023,1021,1022,1022,1022,1021,1021,1021,1023
1023,1019,1010,941,939,944,953,960,970,1021
1021,1020,1013,895,893,912,934,953,966,1023
1018,1019,1013,987,984,988,998,1003,1006,1020
1020,1021,1016,975,971,975,990,995,999,1023
1022,1017,1016,1005,1002,1006,1010,1011,1015,1021
1022,1018,1016,1008,1006,1008,1011,1013,1014,1020
1016,1019,1010,1000,1001,1001,1003,1004,1005,1018
1020,1020,1010,995,997,996,1000,1001,1003,1021
1022,1020,1016,1012,1012,1013,1012,1012,1015,1023
1023,1023,1022,1022,1022,1021,1022,1022,1022,1022
1019,1019,1013,940,938,943,954,961,968,1023
1021,1023,1014,896,894,910,935,952,965,1023
1019,1018,1013,986,984,990,999,1002,1007,1022
1023,1019,1013,975,970,974,989,993,1001,1022
1019,1018,1016,1005,1004,1004,1009,1013,1014,1018
1019,1019,1016,1008,1008,1009,1014,1015,1016,1022
1018,1018,1010,1001,1001,1000,1004,1004,1004,1021
1022,1019,1008,997,997,998,999,1002,1003,1023
1022,1018,1018,1012,1011,1011,1012,1013,1016,1020
1022,1023,1022,1022,1021,1020,1022,1022,1020,1023
1023,1020,1012,940,938,943,953,960,968,1023
1023,1022,1011,895,893,911,935,951,965,1023
1018,1018,1014,987,984,988,999,1003,1006,1020
1022,1018,1016,975,970,975,989,996,1000,1023
1019,1018,1016,1003,1004,1004,1011,1013,1014,1021
1021,1020,1016,1008,1008,1007,1012,1012,1016,1021
1016,1020,1010,1001,1002,1001,1004,1004,1006,1022
1021,1019,1009,997,996,998,998,1000,1004,1021
1019,1020,1018,1012,1011,1011,1014,1014,1015,1019
1023,1023,1021,1023,1022,1021,1023,1023,1023,1023
1023,1020,1010,939,936,944,954,960,968,1023
1023,1021,1013,896,892,912,934,952,965,1022
1018,1017,1015,987,983,988,998,1001,1006,1019
1021,1019,1014,975,970,974,989,995,1001,1023
1020,1020,1016,1005,1004,1004,1011,1013,1014,1022
1021,1020,1016,1010,1006,1010,1011,1013,1017,1021
1018,1017,1011,1002,1001,1002,1001,1004,1005,1020
1019,1016,1012,998,997,996,1000,1002,1003,1021
1022,1021,1017,1011,1013,1011,1014,1013,1015,1023
1023,1023,1021,1022,1022,1023,1021,1022,1023,1023
1023,1018,1010,941,937,943,952,960,969,1022
1022,1018,1012,896,892,911,935,951,965,1023
1016,1019,1014,984,985,988,998,1002,1006,1020
1022,1019,1014,975,966,974,989,994,1000,1023
1021,1018,1013,1006,1003,1005,1011,1012,1016,1021
1022,1019,1018,1008,1008,1008,1012,1014,1015,1021
1018,1017,1010,1002,1002,1000,1002,1003,1005,1018
1023,1019,1013,997,997,996,1000,1002,1001,1021
1022,1020,1016,1014,1010,1013,1014,1015,1016,1021
1023,1023,1022,1021,1022,1022,1022,1022,1023,1023
1022,1017,1013,941,939,944,953,960,969,1020
1021,1021,1011,895,894,910,936,953,965,1023
1021,1019,1013,987,983,987,998,1002,1006,1021
1022,1018,1015,976,969,975,989,994,1002,1021
1022,1016,1015,1006,1004,1005,1009,1013,1015,1019
1021,1019,1015,1008,1008,1008,1012,1014,1016,1022
1018,1019,1010,1000,1000,1001,1002,1005,1004,1021
1023,1019,1009,998,996,998,1000,1001,1004,1020
1020,1019,1017,1012,1013,1012,1013,1014,1015,1022
1023,1023,1023,1022,1023,1021,1022,1021,1022,1023
1018,1017,1009,940,937,944,953,962,968,1022
1023,1021,1011,895,893,911,935,951,965,1021
1018,1016,1012,986,985,989,998,1003,1007,1019
1020,1020,1014,975,970,975,988,994,1000,1023
1018,1018,1015,1004,1004,1004,1011,1012,1014,1020
1021,1019,1015,1009,1007,1009,1013,1014,1015,1021
1019,1017,1010,1001,1001,1001,1002,1004,1004,1020
1019,1018,1010,998,996,997,998,1002,1004,1019
1020,1020,1017,1011,1012,1011,1013,1015,1015,1021
1023,1023,1021,1022,1022,1022,1022,1022,1022,1023
1023,1019,1011,941,938,944,954,960,967,1021
1023,1018,1010,896,894,912,935,953,966,1021
1018,1016,1013,985,984,988,997,1002,1006,1019
1021,1021,1014,974,970,973,988,995,999,1023
1019,1018,1014,1007,1004,1006,1011,1012,1014,1019
1022,1020,1016,1008,1007,1009,1011,1013,1016,1021
1016,1018,1010,1002,1002,1003,1003,1004,1005,1019
1019,1017,1012,997,997,997,999,1003,1003,1019
1019,1019,1017,1011,1012,1011,1013,1014,1014,1023
1023,1023,1022,1023,1022,1022,1023,1021,1022,1023
1023,1019,1010,941,937,944,953,960,970,1020
1022,1018,1013,896,894,912,934,952,965,1023
1018,1019,1014,986,984,987,998,1003,1005,1021
1022,1019,1015,977,969,975,990,994,1000,1019
1020,1018,1014,1005,1003,1006,1011,1011,1015,1019
1021,1020,1016,1009,1007,1009,1012,1013,1014,1021
1017,1018,1010,1001,1001,1000,1003,1004,1005,1020
1022,1019,1011,995,999,997,999,1003,1003,1021
1022,1020,1016,1013,1011,1012,1012,1014,1015,1020
1023,1023,1021,1021,1021,1021,1023,1019,1022,1023
1022,1017,1012,940,939,944,953,961,969,1023
1021,1021,1012,896,894,912,934,952,965,1023
1018,1018,1011,987,984,988,998,1002,1006,1019
1022,1020,1014,975,968,975,989,995,1000,1021
1020,1017,1015,1007,1003,1005,1009,1012,1015,1020
1020,1020,1015,1010,1009,1009,1013,1015,1015,1020
1019,1016,1011,1001,1002,1001,1003,1005,1005,1021
1022,1019,1010,998,996,996,1000,1002,1003,1021
1023,1020,1017,1012,1011,1014,1014,1013,1016,1020
1023,1021,1021,1021,1021,1023,1021,1022,1022,1023
1021,1019,1012,940,938,944,953,960,968,1023
1022,1019,1012,896,894,910,935,953,966,1022
1019,1018,1012,986,983,988,998,1001,1008,1019
1020,1019,1013,974,970,975,989,995,1001,1022
1019,1017,1017,1004,1004,1006,1010,1014,1014,1022
1022,1020,1015,1010,1008,1008,1012,1014,1016,1020
1019,1018,1010,1001,1001,1000,1003,1004,1005,1019
1021,1019,1009,997,995,997,1001,1001,1003,1021
1020,1019,1016,1011,1012,1012,1012,1014,1015,1022
1022,1023,1022,1022,1022,1020,1023,1023,1020,1023
1020,1018,1009,940,937,941,951,961,968,1020
1023,1022,1010,895,893,911,934,951,966,1022
1017,1017,1012,985,986,989,998,1002,1006,1020
1022,1019,1015,974,969,975,989,996,998,1022
1019,1018,1014,1006,1001,1004,1010,1013,1014,1020
1020,1020,1017,1008,1007,1008,1013,1012,1015,1019
1019,1018,1009,1000,1001,1001,1002,1004,1006,1020
1022,1019,1011,996,998,999,999,1001,1004,1021
1022,1019,1018,1012,1011,1012,1014,1014,1014,1021
1023,1023,1020,1023,1021,1021,1022,1022,1023,1022
1023,1017,1010,939,937,942,953,959,969,1021
1023,1020,1014,894,893,910,934,952,965,1023
1016,1018,1012,986,985,988,997,1002,1005,1020
1022,1020,1012,975,968,974,988,994,1002,1020
1021,1018,1017,1006,1004,1005,1011,1012,1013,1018
1021,1017,1016,1007,1007,1008,1012,1015,1014,1022
1019,1018,1010,1001,1001,1002,1002,1004,1005,1020
1020,1018,1012,996,997,997,998,1003,1002,1021
1022,1019,1017,1014,1011,1011,1014,1014,1015,1020
1023,1023,1022,1023,1023,1022,1023,1021,1023,1023
1023,1019,1011,940,935,944,952,960,968,1023
1020,1019,1013,895,894,912,934,953,964,1023
1018,1019,1012,986,985,987,998,1001,1008,1019
1020,1020,1014,975,969,973,989,993,1000,1020
1021,1017,1016,1004,1003,1006,1010,1013,1013,1021
1021,1020,1016,1008,1008,1008,1012,1013,1016,1023
1018,1017,1009,1000,1000,1000,1001,1003,1004,1019
1022,1019,1008,998,997,996,1000,1001,1004,1018
1022,1021,1016,1012,1011,1010,1014,1014,1016,1021
1023,1023,1022,1020,1022,1022,1022,1022,1022,1023
1022,1018,1011,939,938,944,952,960,968,1023
1021,1021,1009,895,894,909,934,952,967,1023
1018,1018,1015,987,984,987,999,1001,1006,1018
1022,1019,1014,973,967,976,989,994,999,1023
1021,1016,1016,1003,1003,1006,1009,1013,1014,1021
1022,1020,1016,1009,1008,1008,1012,1013,1016,1020
1021,1017,1009,1001,1001,999,1003,1004,1006,1017
1021,1019,1011,997,995,996,999,1000,1003,1020
1022,1021,1017,1012,1011,1013,1012,1014,1015,1022
1022,1023,1021,1022,1023,1022,1022,1023,1023,1022
1023,1019,1009,940,938,942,952,960,970,1022
1021,1021,1013,896,894,910,936,951,965,1022
1021,1017,1014,985,984,987,998,1002,1007,1020
1022,1018,1014,974,970,974,987,995,999,1023
1019,1019,1014,1006,1004,1006,1010,1011,1015,1019
1021,1017,1016,1009,1006,1008,1013,1014,1016,1021
1020,1017,1010,1000,1000,1001,1003,1004,1005,1020
1020,1017,1012,996,995,997,999,1001,1003,1021
1022,1020,1016,1013,1012,1012,1014,1014,1016,1019
1022,1023,1021,1023,1022,1022,1023,1022,1023,1023
1020,1018,1012,939,938,944,952,960,967,1021
1023,1018,1013,894,891,911,935,952,965,1023
1018,1017,1013,985,983,987,996,1001,1007,1021
1022,1019,1012,975,970,974,988,993,1000,1019
1019,1018,1015,1005,1003,1004,1011,1012,1015,1019
1022,1021,1018,1009,1007,1009,1011,1014,1014,1021
1020,1016,1009,1000,1000,1001,1003,1004,1004,1021
1021,1017,1010,998,998,996,998,1001,1002,1019
1022,1020,1017,1012,1012,1011,1013,1013,1016,1019
1023,1023,1023,1022,1022,1022,1023,1022,1022,1023
1023,1017,1011,939,937,943,952,960,967,1023
1022,1021,1011,894,893,910,934,952,965,1023
1017,1017,1012,986,984,988,999,1000,1007,1020
1022,1017,1014,975,969,973,988,995,1000,1021
1020,1019,1016,1004,1002,1006,1009,1012,1013,1019
1021,1021,1016,1008,1008,1009,1011,1013,1017,1022
1019,1018,1010,999,1001,1001,1002,1004,1005,1021
1022,1018,1009,998,996,996,1000,1001,1004,1019
1023,1021,1018,1013,1012,1012,1013,1014,1015,1020
1023,1022,1023,1021,1022,1022,1022,1023,1021,1023
1023,1019,1011,940,936,942,951,959,967,1023
1020,1022,1010,895,892,910,936,950,966,1023
1019,1016,1013,987,984,988,997,1004,1006,1019
1020,1019,1014,975,969,976,987,995,1000,1021
1019,1019,1015,1003,1004,1005,1011,1012,1017,1022
1019,1021,1015,1009,1008,1007,1013,1014,1017,1022
1022,1018,1011,1001,1001,1000,1004,1004,1006,1020
1022,1018,1012,999,997,997,999,1001,1003,1020
1022,1019,1017,1012,1012,1013,1012,1015,1015,1021
1022,1023,1021,1021,1022,1022,1022,1021,1023,1023
1022,1018,1010,938,937,941,951,960,967,1021
1023,1019,1011,895,892,910,935,952,966,1022
1019,1017,1015,987,983,988,998,1002,1004,1020
1022,1019,1014,973,968,974,988,993,1001,1023
1020,1020,1014,1004,1004,1006,1011,1012,1016,1020
1021,1019,1017,1009,1007,1007,1012,1015,1016,1020
1021,1018,1012,1001,1000,1000,1003,1004,1005,1020
1020,1017,1012,996,997,996,1000,1002,1003,1022
1022,1020,1018,1011,1012,1013,1013,1013,1016,1021
1023,1023,1021,1022,1021,1021,1023,1022,1022,1023
1023,1017,1011,941,938,942,952,960,967,1022
1023,1018,1013,896,893,909,933,952,963,1021
1018,1018,1012,984,984,988,998,1002,1007,1022
1020,1021,1012,974,969,973,989,993,1002,1023
1021,1017,1015,1005,1004,1006,1009,1014,1015,1018
1020,1020,1016,1008,1006,1009,1012,1015,1016,1021
1018,1018,1010,1001,1001,1000,1001,1005,1005,1021
1022,1020,1009,997,997,997,1000,1000,1003,1021
1020,1019,1016,1013,1010,1011,1014,1014,1015,1019
1023,1023,1021,1023,1021,1023,1021,1023,1022,1022
1021,1019,1011,940,938,942,950,959,967,1022
1020,1021,1010,893,892,910,935,952,964,1023
1018,1017,1012,986,984,988,997,1003,1007,1016
1023,1018,1014,975,970,974,987,995,1000,1019
1018,1016,1016,1003,1003,1006,1010,1013,1014,1022
1021,1022,1017,1008,1007,1009,1012,1012,1016,1022
1020,1019,1009,1000,1002,1001,1003,1004,1005,1019
1023,1017,1010,996,996,996,1001,1003,1004,1019
1020,1020,1019,1013,1010,1012,1013,1014,1014,1021
1023,1023,1022,1021,1023,1023,1023,1022,1023,1023
1023,1020,1010,939,937,943,953,959,969,1023
1023,1021,1011,894,893,909,934,951,965,1021
1016,1014,1012,986,983,987,996,1003,1005,1019
1021,1019,1014,974,967,974,988,994,999,1023
1020,1018,1016,1005,1004,1004,1011,1010,1016,1020
1020,1019,1015,1009,1008,1008,1012,1015,1017,1020
1020,1018,1008,1000,1001,1001,1003,1003,1003,1020
1020,1017,1011,997,996,996,999,1000,1003,1020
1020,1019,1018,1012,1012,1013,1014,1014,1016,1020
1023,1023,1022,1021,1022,1021,1023,1022,1022,1023
1023,1020,1011,939,937,942,951,960,968,1023
1023,1018,1010,895,892,910,935,952,966,1022
1016,1016,1014,986,983,988,996,1001,1007,1020
1020,1022,1015,974,968,973,988,995,1000,1022
1021,1017,1015,1005,1003,1005,1010,1013,1012,1019
1022,1019,1016,1009,1006,1008,1011,1013,1016,1021
1022,1019,1010,999,1002,1001,1003,1003,1005,1021
1021,1017,1009,997,996,996,999,1001,1004,1018
1021,1020,1016,1012,1010,1012,1012,1014,1015,1021
1023,1023,1022,1021,1021,1021,1022,1021,1021,1023
1021,1020,1010,940,938,943,953,960,968,1022
1023,1023,1012,895,893,910,934,951,965,1023
1018,1017,1012,986,983,989,998,1003,1007,1020
1021,1020,1014,974,968,975,988,995,1000,1023
1019,1020,1015,1004,1003,1003,1011,1011,1016,1019
1021,1018,1016,1008,1007,1008,1012,1014,1016,1021
1020,1018,1009,1001,1001,1000,1003,1004,1006,1020
1020,1017,1008,997,995,997,999,1002,1003,1019
1022,1021,1018,1010,1011,1012,1015,1014,1015,1021
1023,1023,1022,1021,1022,1021,1021,1020,1022,1023
1023,1019,1009,940,938,942,951,959,969,1021
1023,1020,1011,894,892,911,934,953,965,1023
1016,1017,1014,986,983,988,997,1003,1007,1020
1021,1021,1015,975,971,973,990,994,1000,1022
1020,1019,1014,1005,1003,1007,1011,1013,1016,1021
1023,1018,1016,1010,1006,1009,1011,1015,1015,1021
1018,1018,1010,1003,1002,1001,1002,1004,1004,1020
1019,1019,1011,995,996,996,1002,1002,1002,1021
1022,1021,1017,1011,1013,1012,1013,1013,1015,1021
1023,1023,1021,1023,1023,1023,1021,1021,1023,1022
1020,1017,1008,939,938,944,952,961,968,1022
1022,1019,1012,894,892,909,935,952,965,1023
1017,1017,1013,986,985,988,998,1002,1006,1020
1021,1019,1013,973,970,975,987,993,1000,1022
1020,1018,1016,1005,1002,1005,1009,1012,1014,1019
1020,1019,1016,1008,1007,1008,1012,1014,1014,1022
1022,1018,1011,1001,1001,1001,1004,1005,1004,1022
1023,1019,1011,995,997,996,1000,1000,1004,1020
1022,1020,1016,1012,1013,1012,1013,1014,1016,1020
1022,1023,1021,1023,1021,1023,1021,1023,1023,1023
1023,1018,1009,939,937,942,951,960,967,1021
1023,1019,1014,893,894,909,936,951,965,1023
1017,1018,1011,986,983,988,996,1001,1007,1019
1020,1019,1012,974,968,974,988,995,1000,1021
1017,1017,1016,1005,1004,1004,1011,1014,1015,1019
1021,1020,1017,1009,1008,1008,1011,1013,1015,1022
1021,1018,1010,1001,1000,998,1003,1002,1004,1020
1023,1018,1010,996,997,997,1000,1000,1004,1021
1020,1020,1018,1012,1011,1013,1013,1014,1015,1020
1023,1023,1023,1022,1022,1021,1022,1023,1021,1023
1022,1017,1010,938,936,942,953,960,968,1023
1023,1021,1011,894,893,911,934,950,966,1021
1019,1018,1012,987,982,989,997,1002,1007,1019
1018,1017,1013,974,969,972,987,995,1000,1020
1020,1018,1018,1004,1005,1005,1010,1012,1013,1020
1019,1019,1016,1008,1007,1010,1013,1014,1017,1020
1021,1017,1010,1000,1000,1001,1002,1003,1005,1021
1019,1020,1008,997,995,997,999,1000,1004,1019
1022,1020,1017,1012,1012,1012,1014,1014,1015,1020
1023,1023,1021,1021,1022,1022,1023,1022,1021,1023
1022,1019,1012,939,937,943,952,960,969,1023
1022,1020,1011,895,892,912,934,951,966,1023
1018,1017,1013,986,983,986,998,1002,1004,1020
1021,1020,1015,973,967,973,989,994,999,1022
1019,1020,1015,1005,1002,1005,1010,1012,1016,1021
1022,1019,1016,1009,1008,1008,1012,1015,1015,1022
1020,1019,1010,1001,999,1001,1001,1004,1005,1019
1020,1017,1009,997,996,996,999,1001,1003,1020
1022,1020,1017,1012,1013,1011,1015,1014,1014,1021
1023,1023,1022,1022,1021,1023,1021,1021,1022,1023
1023,1020,1010,941,937,944,952,961,969,1021
1023,1017,1012,895,893,910,934,953,965,1023
1018,1018,1014,985,984,987,998,1002,1007,1021
1020,1018,1013,974,969,974,988,992,1000,1023
1021,1018,1014,1006,1003,1004,1009,1013,1015,1019
1022,1019,1016,1008,1009,1008,1011,1014,1016,1022
1016,1016,1011,1001,1001,1001,1003,1004,1005,1020
1022,1018,1010,997,997,997,1000,1001,1003,1021
1021,1021,1017,1011,1011,1012,1014,1014,1017,1022
1023,1023,1021,1023,1022,1022,1022,1022,1022,1023
1020,1017,1011,939,939,942,951,961,968,1022
1021,1020,1013,893,892,911,935,952,966,1023
1014,1016,1012,985,982,989,997,1001,1006,1020
1021,1018,1012,975,968,973,987,995,1000,1020
1019,1019,1016,1004,1004,1005,1011,1013,1015,1021
1022,1020,1018,1008,1007,1008,1013,1013,1015,1022
1019,1017,1010,1000,1001,1000,1003,1003,1005,1020
1022,1020,1010,997,995,996,1000,1000,1003,1020
1022,1020,1015,1013,1012,1013,1014,1014,1015,1020
1023,1023,1022,1021,1023,1021,1022,1023,1022,1023
1023,1017,1010,939,938,943,952,960,968,1023
1022,1021,1012,896,892,911,935,952,966,1022
1018,1018,1012,986,983,987,997,1004,1008,1019
1022,1019,1015,972,970,973,989,995,999,1023
1019,1018,1015,1005,1003,1004,1010,1012,1015,1021
1020,1022,1015,1009,1007,1008,1012,1013,1017,1021
1021,1019,1010,1000,1000,1002,1003,1002,1006,1020
1021,1018,1010,997,996,997,999,1002,1003,1019
1021,1019,1017,1012,1011,1011,1013,1014,1015,1020
1022,1023,1021,1021,1021,1020,1022,1020,1021,1023
1022,1019,1011,939,934,943,952,960,969,1021
1023,1022,1010,895,892,910,935,952,966,1022
1020,1017,1014,985,985,988,998,1002,1005,1021
1022,1018,1014,973,969,973,990,995,1001,1023
1020,1018,1016,1006,1003,1005,1011,1013,1015,1019
1019,1021,1017,1008,1005,1008,1011,1014,1015,1021
1020,1018,1010,1001,1000,1001,1002,1004,1006,1019
1020,1016,1011,996,998,996,999,1000,1002,1021
1020,1020,1018,1012,1012,1011,1014,1014,1014,1020
1023,1023,1021,1023,1020,1021,1021,1021,1023,1022
1021,1017,1010,940,936,944,951,960,967,1019
1022,1020,1011,893,892,909,934,952,965,1023
1018,1018,1014,985,984,988,998,1003,1006,1020
1021,1019,1014,975,967,974,989,994,1000,1020
1021,1019,1015,1004,1004,1006,1011,1013,1015,1020
1021,1019,1016,1008,1008,1008,1011,1015,1016,1021
1020,1017,1010,1001,1001,1001,1002,1006,1006,1020
1020,1018,1011,996,996,996,999,1001,1003,1022
1022,1020,1017,1012,1012,1012,1014,1012,1015,1021
1023,1023,1019,1021,1022,1022,1021,1022,1022,1021
1021,1019,1010,938,937,942,951,959,968,1023
1023,1017,1013,894,893,909,934,953,964,1023
1018,1018,1012,987,982,988,998,1002,1007,1017
1022,1020,1013,974,968,974,988,993,1001,1022
1020,1018,1017,1003,1004,1006,1011,1013,1014,1022
1021,1019,1017,1009,1007,1008,1014,1015,1015,1021
1019,1018,1011,1001,1000,1001,1003,1005,1005,1020
1023,1020,1010,997,996,998,999,999,1003,1020
1021,1019,1016,1010,1012,1013,1012,1014,1015,1021
1023,1023,1022,1021,1022,1021,1021,1021,1020,1023
1020,1018,1011,941,937,942,952,961,967,1021
1023,1023,1011,894,891,910,936,952,965,1021
1017,1018,1013,985,984,988,997,1002,1006,1021
1020,1018,1014,974,970,974,988,994,999,1023
1020,1018,1016,1005,1003,1005,1011,1013,1015,1020
1019,1021,1015,1009,1005,1008,1013,1013,1017,1020
1019,1018,1009,1001,1001,1000,1002,1004,1004,1021
1021,1019,1009,996,997,996,1001,1002,1003,1021
1022,1020,1018,1011,1012,1012,1013,1014,1016,1020
1023,1023,1021,1023,1022,1023,1022,1021,1022,1023
1023,1020,1008,937,937,942,951,960,967,1023
1022,1021,1010,895,892,908,935,952,965,1022
1017,1016,1014,985,984,987,998,1001,1007,1019
1022,1019,1012,975,969,974,988,995,1001,1021
1018,1019,1015,1006,1004,1006,1010,1012,1014,1020
1022,1018,1017,1008,1007,1008,1012,1013,1017,1023
1018,1017,1011,1000,1001,1001,1002,1004,1005,1020
1021,1018,1010,998,996,997,1000,1002,1003,1020
1023,1021,1016,1012,1012,1011,1012,1013,1015,1022
1023,1023,1023,1023,1021,1022,1022,1022,1022,1023
1022,1019,1011,940,935,942,954,959,970,1020
1021,1021,1011,894,892,911,933,952,966,1023
1019,1018,1011,986,984,988,998,1001,1006,1020
1021,1018,1014,975,967,973,989,993,999,1021
1020,1018,1015,1005,1002,1005,1009,1010,1015,1020
1020,1020,1016,1009,1007,1008,1012,1014,1014,1022
1018,1016,1010,1000,1001,1002,1001,1004,1005,1018
1019,1017,1012,995,997,997,999,1002,1001,1022
1021,1020,1016,1012,1011,1011,1013,1014,1016,1020
1023,1023,1022,1022,1021,1022,1023,1021,1022,1022
1023,1018,1012,938,938,943,952,960,969,1023
1021,1020,1010,894,893,910,934,952,965,1023
1016,1017,1011,987,983,989,998,1002,1007,1019
1021,1020,1014,974,967,975,989,994,1001,1022
1020,1016,1016,1004,1003,1006,1008,1015,1013,1019
1021,1019,1014,1007,1007,1008,1011,1013,1015,1021
1017,1017,1010,1000,1001,1001,1003,1004,1005,1021
1021,1019,1008,997,995,995,999,1001,1005,1019
1022,1021,1016,1013,1009,1011,1015,1013,1015,1020
1023,1022,1022,1021,1022,1022,1021,1023,1020,1023
1021,1018,1009,939,938,943,952,960,968,1022
1022,1020,1010,894,892,910,936,952,968,1022
1017,1018,1014,986,982,988,998,1002,1007,1019
1022,1018,1015,973,969,975,988,995,1000,1021
1020,1016,1015,1004,1004,1004,1011,1013,1016,1020
1021,1019,1014,1010,1007,1008,1010,1014,1014,1020
1018,1019,1009,1001,1000,1000,1002,1003,1006,1018
1022,1018,1011,997,995,997,999,1001,1003,1020
1022,1018,1016,1010,1012,1012,1012,1015,1014,1022
1023,1023,1020,1023,1022,1021,1022,1023,1022,1023
1020,1019,1009,940,937,943,953,960,969,1022
1021,1020,1014,895,892,911,935,953,965,1022
1017,1015,1014,985,984,989,996,1003,1006,1021
1022,1019,1011,975,970,974,989,995,1001,1023
1019,1018,1016,1007,1003,1004,1010,1012,1016,1019
1019,1018,1016,1008,1006,1008,1012,1014,1017,1020
1019,1017,1011,1000,1000,1000,1003,1003,1004,1018
1022,1017,1011,995,997,997,998,1001,1003,1021
1019,1019,1017,1011,1013,1012,1013,1013,1015,1022
1023,1023,1020,1023,1021,1020,1021,1022,1023,1022
1023,1019,1010,940,937,943,952,960,968,1022
1023,1018,1014,894,892,912,935,953,965,1023
1017,1018,1012,985,984,986,997,1002,1007,1021
1020,1022,1013,974,970,974,987,995,1000,1021
1019,1015,1017,1006,1004,1006,1011,1013,1015,1018
1022,1018,1017,1008,1006,1008,1011,1015,1015,1021
1016,1017,1011,1000,1000,1002,1002,1004,1005,1020
1017,1017,1010,996,997,997,1000,1002,1004,1021
1020,1021,1016,1013,1012,1011,1011,1013,1016,1021
1020,1023,1022,1022,1022,1020,1022,1021,1022,1023
1023,1017,1011,939,936,943,952,960,968,1022
1020,1020,1009,894,893,910,933,953,965,1023
1017,1019,1012,986,983,987,997,1000,1007,1018
1021,1018,1014,975,968,975,990,994,1000,1020
1021,1018,1016,1004,1004,1005,1009,1014,1014,1020
1021,1021,1016,1008,1008,1008,1011,1014,1015,1023
1017,1017,1010,1001,1000,1001,1002,1005,1005,1019
1021,1020,1008,998,996,997,1000,1000,1005,1019
1022,1019,1019,1012,1011,1012,1014,1015,1016,1021
1023,1023,1023,1021,1022,1022,1021,1023,1020,1023
1021,1020,1008,939,939,943,953,959,969,1023
1021,1021,1011,894,892,910,935,951,965,1022
1018,1016,1015,986,982,985,997,1003,1005,1018
1020,1019,1015,975,967,975,987,995,1000,1021
1019,1019,1016,1003,1003,1005,1010,1010,1014,1021
1022,1020,1015,1008,1007,1007,1012,1014,1017,1023
1018,1019,1009,1001,1000,1001,1004,1003,1006,1020
1023,1018,1013,998,996,997,1000,1002,1003,1018
1022,1021,1019,1012,1012,1013,1013,1015,1015,1021
1023,1023,1019,1021,1023,1022,1023,1021,1023,1023
1021,1019,1009,940,937,942,953,960,967,1023
1023,1017,1011,894,892,911,935,953,967,1022
1019,1016,1014,984,984,988,998,1002,1005,1018
1022,1019,1014,975,971,973,989,994,999,1020
1020,1018,1014,1006,1003,1006,1012,1012,1016,1023
1021,1020,1017,1008,1006,1008,1011,1014,1016,1020
1018,1016,1012,1001,1001,1001,1002,1005,1004,1019
1020,1018,1011,996,998,998,999,1002,1002,1022
1019,1021,1015,1011,1012,1011,1013,1013,1015,1023
1023,1023,1021,1023,1021,1021,1023,1022,1022,1023
1022,1015,1011,939,936,943,951,962,968,1022
1023,1021,1014,894,893,909,934,951,965,1021
1016,1018,1012,985,985,986,998,1000,1005,1021
1021,1019,1012,975,969,974,989,994,1002,1022
1020,1019,1016,1005,1003,1006,1010,1013,1014,1019
1021,1019,1017,1009,1007,1008,1012,1014,1015,1020
1017,1016,1010,999,1001,1000,1002,1005,1005,1019
1021,1020,1008,996,997,996,1000,999,1004,1022
1021,1020,1016,1012,1012,1012,1014,1014,1016,1022
1023,1023,1022,1021,1020,1023,1021,1023,1022,1022
1023,1020,1011,938,937,942,952,960,966,1019
1021,1021,1010,894,894,910,936,952,965,1023
1018,1017,1012,985,982,986,998,1001,1006,1019
1022,1019,1016,974,967,974,987,994,1000,1021
1018,1018,1015,1004,1002,1005,1012,1014,1015,1019
1020,1020,1015,1009,1008,1009,1013,1013,1015,1020
1016,1018,1011,999,1000,1001,1003,1004,1005,1020
1023,1019,1008,998,998,997,1001,1001,1004,1021
1022,1019,1017,1012,1011,1012,1013,1013,1015,1021
1023,1023,1023,1021,1022,1022,1022,1021,1021,1023
1021,1018,1011,940,936,943,954,961,968,1023
1022,1023,1010,894,892,910,937,952,967,1023
1020,1018,1012,987,983,988,997,1002,1007,1020
1021,1018,1014,974,969,975,990,996,1001,1022
1020,1019,1017,1003,1003,1005,1011,1012,1012,1021
1021,1020,1016,1007,1006,1008,1011,1014,1015,1022
1019,1017,1010,1001,1002,1001,1003,1004,1005,1020
1022,1017,1010,997,995,997,1001,1001,1004,1020
1019,1021,1017,1011,1012,1013,1012,1013,1015,1022
1023,1023,1021,1021,1021,1022,1023,1022,1022,1023
1023,1019,1009,940,938,942,953,960,968,1022
1023,1019,1013,895,893,911,935,952,967,1023
1017,1017,1013,986,983,989,998,1002,1007,1018
1019,1020,1015,975,968,974,990,994,999,1021
1020,1018,1015,1006,1002,1004,1011,1012,1014,1022
1022,1019,1015,1008,1006,1009,1010,1014,1016,1020
1017,1016,1010,1001,1000,1002,1002,1006,1006,1020
1020,1019,1012,996,997,998,999,1001,1003,1019
1020,1021,1018,1012,1012,1012,1015,1014,1015,1021
1023,1023,1020,1022,1022,1022,1023,1022,1022,1023
1023,1018,1010,940,937,944,951,960,969,1022
1023,1018,1011,894,893,912,934,954,967,1023
1018,1018,1014,985,984,988,998,1002,1006,1020
1022,1021,1014,975,970,974,989,993,1000,1021
1021,1018,1015,1005,1004,1006,1010,1013,1017,1021
1022,1020,1016,1008,1007,1008,1011,1015,1016,1020
1017,1017,1012,999,1002,1001,1003,1003,1006,1020
1021,1018,1009,996,996,995,1000,1002,1003,1020
1022,1020,1015,1012,1012,1011,1012,1013,1014,1020
1023,1023,1022,1022,1022,1022,1022,1020,1021,1023
1019,1018,1012,939,937,943,951,959,968,1022
1023,1020,1010,894,893,910,935,952,967,1020
1019,1018,1012,985,985,988,997,1004,1007,1020
1021,1018,1014,975,969,974,988,994,1000,1022
1019,1018,1016,1005,1004,1006,1010,1011,1014,1019
1020,1020,1017,1007,1008,1008,1011,1014,1015,1021
1016,1017,1011,1000,1001,1001,1002,1005,1006,1018
1021,1017,1011,996,997,996,1000,1002,1003,1020
1022,1021,1017,1012,1012,1011,1013,1013,1015,1021
1023,1023,1020,1021,1021,1023,1021,1021,1022,1023
1023,1017,1011,940,937,943,951,961,968,1020
1020,1018,1012,894,892,911,936,952,966,1023
1018,1020,1012,985,984,987,1000,1002,1007,1019
1022,1019,1014,974,970,975,988,994,1001,1022
1020,1017,1016,1006,1002,1006,1010,1013,1016,1019
1020,1020,1015,1008,1007,1007,1012,1014,1016,1021
1018,1017,1011,1001,1001,1000,1003,1004,1005,1019
1023,1019,1009,994,996,997,1001,1001,1002,1020
1021,1021,1017,1012,1012,1012,1014,1014,1016,1021
1023,1023,1022,1022,1023,1022,1021,1023,1023,1023
1020,1018,1011,939,935,943,953,959,968,1021
1022,1020,1011,895,892,910,935,953,966,1023
1021,1018,1013,985,983,989,998,1002,1006,1019
1023,1020,1014,974,968,973,987,993,1000,1020
1019,1018,1017,1005,1004,1005,1010,1013,1014,1021
1019,1018,1016,1008,1008,1007,1012,1014,1016,1021
1019,1018,1010,1000,1001,1000,1003,1004,1004,1020
1021,1020,1008,997,996,997,999,1001,1004,1021
1020,1019,1018,1011,1011,1012,1012,1014,1015,1020
1022,1023,1022,1023,1022,1022,1022,1023,1022,1023
1022,1019,1009,939,938,943,952,960,968,1023
1023,1021,1011,895,892,911,935,952,966,1023
1019,1016,1013,987,983,989,997,1002,1007,1019
1022,1020,1014,974,967,974,986,993,999,1021
1019,1018,1015,1004,1005,1004,1011,1014,1014,1020
1021,1020,1015,1008,1006,1009,1012,1015,1014,1022
1018,1017,1011,1000,1000,1001,1001,1002,1004,1019
1020,1019,1011,996,997,995,1000,1002,1002,1020
1020,1021,1017,1012,1012,1012,1015,1015,1015,1022
1022,1023,1022,1022,1021,1023,1021,1021,1022,1023
1023,1017,1010,940,937,943,953,960,970,1020
1022,1020,1012,893,893,910,935,952,966,1023
1020,1018,1013,985,983,988,997,1002,1005,1020
1023,1019,1013,975,967,974,989,995,1001,1020
1020,1014,1017,1004,1004,1005,1009,1013,1015,1019
1019,1020,1016,1006,1008,1008,1012,1013,1015,1021
1017,1019,1010,1000,1001,999,1002,1005,1005,1020
1021,1018,1008,996,996,997,1001,1002,1003,1020
1021,1021,1018,1011,1011,1013,1012,1013,1015,1021
1023,1023,1023,1022,1022,1022,1022,1021,1022,1022
1019,1019,1010,939,938,942,953,960,968,1021
1023,1023,1013,894,891,911,935,952,964,1021
1018,1017,1012,987,983,989,998,1002,1007,1019
1022,1017,1014,974,969,972,988,993,999,1020
1017,1018,1016,1004,1004,1004,1009,1013,1014,1021
1020,1020,1017,1009,1007,1007,1013,1014,1014,1020
1017,1018,1009,1000,1000,1000,1002,1004,1005,1020
1021,1018,1009,996,995,997,1000,1001,1004,1020
1020,1019,1016,1012,1012,1013,1012,1013,1016,1020
1023,1023,1022,1021,1022,1021,1021,1022,1022,1023
1023,1020,1010,939,937,943,954,960,968,1022
1023,1020,1010,895,891,911,935,952,967,1022
1019,1017,1013,986,983,986,996,1002,1006,1019
1020,1019,1014,973,970,973,989,996,998,1023
1018,1018,1014,1006,1001,1005,1009,1011,1014,1019
1022,1020,1016,1008,1007,1007,1013,1012,1015,1020
1017,1019,1011,1000,1000,1003,1003,1004,1004,1020
1019,1017,1010,997,997,998,999,1001,1004,1020
1019,1017,1018,1010,1013,1011,1013,1014,1014,1022
1023,1023,1022,1022,1021,1023,1023,1022,1021,1023
1022,1018,1010,940,934,944,953,960,968,1021
1023,1019,1012,895,893,912,935,953,965,1022
1018,1017,1016,985,985,988,997,1004,1005,1021
1021,1020,1014,975,968,972,988,994,1000,1022
1019,1019,1015,1006,1004,1004,1011,1012,1013,1020
1021,1019,1017,1008,1007,1009,1012,1013,1016,1021
1016,1017,1010,1000,1002,1001,1002,1005,1006,1020
1021,1018,1010,996,996,995,998,1002,1002,1020
1022,1020,1016,1012,1012,1011,1013,1014,1016,1022
1023,1023,1021,1022,1022,1023,1022,1020,1023,1023
1023,1019,1009,939,938,943,953,960,969,1021
1021,1018,1013,894,893,910,934,954,965,1023
1015,1019,1013,986,983,987,998,1002,1006,1020
1022,1020,1013,974,968,974,989,993,998,1020
1020,1017,1015,1004,1003,1006,1010,1011,1014,1020
1021,1021,1017,1008,1007,1008,1012,1013,1015,1023
1018,1018,1010,999,1001,1000,1002,1005,1005,1021
1023,1020,1010,996,996,997,1000,1002,1002,1022
1023,1018,1017,1013,1011,1014,1015,1014,1015,1021
1023,1023,1019,1022,1022,1022,1021,1022,1022,1023
1022,1019,1011,938,938,943,952,960,967,1023
1023,1020,1012,894,892,909,936,953,966,1023
1020,1019,1012,985,983,987,997,1001,1007,1019
1021,1020,1013,973,969,975,988,995,1000,1022
1020,1018,1017,1004,1004,1006,1011,1012,1013,1021
1021,1020,1015,1010,1007,1008,1012,1014,1016,1019
1019,1019,1010,1000,1001,1001,1002,1004,1005,1020
1021,1018,1009,997,995,998,1001,1001,1003,1019
1020,1020,1017,1011,1011,1012,1012,1014,1015,1021
1022,1023,1023,1022,1022,1022,1022,1022,1021,1023
1021,1018,1010,940,936,941,953,961,968,1021
1023,1021,1011,895,892,912,935,952,966,1020
1017,1016,1013,985,986,989,997,1002,1007,1020
1020,1020,1015,974,969,974,988,996,998,1023
1019,1019,1015,1007,1003,1003,1011,1012,1015,1019
1022,1020,1016,1007,1005,1008,1012,1013,1016,1021
1020,1017,1007,1001,1001,1002,1003,1004,1006,1019
1020,1019,1012,996,996,997,999,1000,1004,1021
1022,1019,1018,1013,1013,1012,1013,1016,1014,1023
1023,1023,1021,1023,1021,1021,1022,1022,1023,1023
1023,1019,1010,939,936,942,953,959,969,1020
1023,1020,1011,893,892,911,935,952,966,1023
1019,1017,1013,985,983,988,998,1002,1006,1020
1020,1020,1013,975,968,973,990,994,1001,1019
1019,1019,1016,1005,1002,1003,1011,1012,1015,1021
1023,1019,1017,1009,1007,1009,1012,1014,1015,1021
1017,1019,1010,999,999,1001,1002,1004,1005,1019
1020,1017,1012,996,997,996,999,1002,1002,1021
1021,1020,1019,1011,1011,1011,1013,1014,1015,1020
1023,1023,1020,1023,1022,1022,1023,1021,1022,1023
1022,1019,1012,938,935,943,952,959,968,1022
1022,1018,1014,894,892,911,933,953,965,1023
1017,1018,1013,987,984,989,997,1002,1007,1019
1021,1019,1013,974,969,973,989,994,1001,1023
1020,1017,1018,1005,1004,1005,1009,1011,1013,1018
1021,1018,1016,1008,1008,1008,1013,1014,1015,1020
1020,1016,1009,1000,1001,1000,1002,1003,1005,1019
1021,1018,1010,996,995,995,998,1000,1003,1021
1019,1021,1018,1011,1012,1012,1013,1013,1015,1022
1023,1023,1021,1021,1022,1022,1022,1022,1022,1023
1023,1020,1009,940,936,943,951,960,970,1020
1023,1021,1014,894,892,911,936,952,966,1023
1018,1015,1013,985,983,988,997,1003,1005,1022
1022,1020,1011,975,969,974,988,995,1000,1021
1020,1019,1015,1006,1003,1005,1012,1011,1013,1019
1021,1019,1018,1006,1005,1009,1012,1014,1015,1022
1019,1016,1010,1000,1001,1001,1002,1004,1004,1020
1021,1017,1010,997,996,997,998,1001,1002,1021
1020,1021,1016,1013,1012,1011,1013,1013,1014,1019
1023,1023,1021,1022,1021,1022,1022,1021,1022,1023
1023,1019,1012,940,937,943,952,960,968,1022
1023,1020,1012,893,893,912,934,952,965,1023
1017,1017,1011,986,984,987,998,1002,1007,1019
1022,1019,1013,976,970,973,990,994,1001,1020
1021,1018,1017,1005,1002,1006,1010,1012,1014,1020
1021,1019,1017,1006,1007,1009,1013,1015,1015,1022
1018,1018,1009,1000,1000,1000,1002,1005,1005,1020
1019,1018,1010,998,996,996,1000,1001,1003,1019
1023,1021,1015,1012,1010,1012,1014,1013,1016,1022
1023,1023,1023,1021,1022,1022,1022,1022,1021,1023
1019,1019,1009,939,938,943,951,960,968,1023
1020,1021,1012,895,894,910,935,952,967,1022
1018,1017,1013,986,984,988,998,1001,1007,1019
1023,1018,1014,972,968,974,989,995,999,1022
1018,1017,1015,1004,1003,1006,1011,1013,1013,1020
1019,1021,1014,1008,1008,1008,1013,1013,1017,1021
1020,1018,1009,1000,1000,1001,1002,1004,1006,1019
1021,1019,1010,996,996,996,999,1000,1003,1021
1020,1018,1017,1012,1012,1012,1012,1015,1013,1020
1022,1023,1020,1022,1023,1023,1022,1022,1022,1023
1022,1019,1010,940,937,943,952,960,968,1021
1022,1020,1012,896,893,910,935,950,966,1021
1018,1017,1015,985,984,988,998,1002,1006,1021
1022,1021,1014,973,969,974,988,995,1000,1021
1020,1019,1014,1005,1005,1004,1010,1012,1016,1020
1021,1017,1016,1007,1006,1007,1012,1014,1015,1020
1019,1019,1010,1001,1000,1000,1002,1003,1005,1020
1022,1018,1012,996,996,996,1000,1001,1001,1021
1021,1020,1018,1011,1012,1013,1013,1015,1015,1022
1023,1023,1020,1022,1023,1022,1023,1021,1022,1023
1022,1019,1011,939,936,942,951,959,969,1020
1023,1016,1012,895,891,910,935,953,966,1023
1020,1017,1013,985,983,988,997,1002,1008,1021
1021,1020,1012,973,970,973,988,994,1002,1021
1021,1018,1016,1005,1003,1005,1012,1012,1015,1019
1020,1019,1018,1009,1007,1008,1013,1015,1014,1022
1020,1016,1010,1000,1000,1001,1001,1004,1004,1019
1020,1018,1010,996,996,996,999,1001,1003,1022
1019,1021,1017,1012,1012,1012,1012,1014,1014,1020
1023,1023,1020,1022,1022,1022,1023,1022,1022,1023
1023,1018,1012,940,936,943,952,960,968,1023
1023,1019,1012,895,892,911,933,952,965,1023
1016,1018,1011,985,983,987,997,1000,1008,1020
1021,1020,1015,973,968,972,989,994,1000,1019
1022,1017,1016,1005,1004,1005,1010,1013,1013,1020
1021,1020,1017,1008,1007,1009,1012,1013,1016,1023
1019,1017,1011,1000,1000,1001,1001,1005,1004,1020
1021,1020,1009,997,996,996,999,1000,1003,1021
1022,1020,1017,1013,1012,1012,1013,1014,1016,1021
1023,1022,1022,1022,1022,1022,1022,1023,1022,1023
1022,1019,1011,938,937,943,952,960,968,1023
1023,1021,1010,894,893,910,935,951,966,1023
1018,1017,1011,987,984,987,997,1001,1006,1017
1022,1018,1015,976,968,973,987,994,999,1022
1020,1020,1015,1005,1004,1006,1010,1012,1015,1020
1020,1020,1015,1007,1007,1008,1012,1014,1017,1021
1020,1020,1008,1001,1001,1000,1002,1003,1005,1020
1022,1019,1008,997,997,996,1000,1001,1004,1019
1023,1018,1018,1013,1012,1013,1013,1015,1015,1020
1022,1023,1022,1021,1022,1023,1022,1022,1022,1023
1019,1020,1010,939,937,942,952,959,969,1023
1023,1019,1012,894,892,911,936,952,967,1020
1018,1016,1013,987,983,989,996,1003,1005,1020
1021,1021,1013,973,968,974,988,993,1000,1022
1020,1019,1014,1005,1004,1004,1011,1012,1015,1020
1023,1018,1017,1009,1007,1009,1012,1015,1016,1021
1020,1018,1009,1000,1001,1000,1002,1005,1005,1018
1022,1018,1011,997,996,997,999,1002,1003,1020
1021,1021,1019,1012,1012,1012,1012,1012,1015,1021
1023,1023,1020,1022,1023,1022,1022,1022,1023,1023
1023,1019,1009,939,938,943,952,960,968,1021
1023,1019,1013,894,892,910,934,953,966,1021
1016,1018,1012,985,984,987,998,1001,1007,1020
1020,1020,1013,974,969,973,987,994,1002,1022
1020,1017,1014,1006,1003,1004,1010,1013,1016,1019
1022,1018,1016,1008,1008,1009,1012,1014,1015,1021
1019,1016,1010,1000,1000,1000,1002,1005,1004,1019
1020,1017,1011,997,995,997,999,1001,1002,1019
1022,1021,1016,1010,1012,1011,1013,1013,1014,1022
1023,1022,1021,1022,1023,1021,1022,1021,1022,1023
1023,1017,1009,940,934,943,952,961,969,1021
1021,1021,1014,895,892,911,934,953,965,1023
1016,1019,1014,984,984,987,998,1002,1008,1020
1023,1018,1014,974,969,972,988,993,1001,1021
1022,1018,1014,1006,1004,1006,1009,1014,1014,1021
1019,1019,1015,1007,1005,1008,1013,1013,1014,1022
1019,1016,1010,1002,1000,1000,1003,1004,1004,1018
1022,1017,1011,996,996,997,999,1001,1002,1020
1023,1018,1017,1011,1013,1012,1013,1013,1015,1022
1023,1023,1021,1021,1021,1022,1023,1021,1023,1023
1021,1019,1010,939,937,942,950,959,968,1019
1022,1019,1012,895,891,912,935,953,966,1023
1020,1018,1013,985,984,988,999,1002,1005,1021
1020,1021,1014,974,969,972,989,993,1000,1021
1019,1017,1013,1006,1002,1005,1010,1014,1016,1019
1021,1020,1018,1010,1006,1009,1012,1014,1015,1020
1019,1018,1010,1000,998,1002,1002,1005,1004,1020
1023,1020,1011,996,997,998,999,1000,1002,1021
1023,1020,1016,1011,1012,1011,1015,1013,1016,1020
1023,1022,1020,1022,1020,1022,1021,1022,1022,1023
1021,1018,1011,939,936,943,952,959,967,1020
1023,1020,1013,894,893,910,935,952,966,1022
1019,1019,1013,986,984,987,997,1001,1007,1021
1022,1019,1013,974,969,974,986,996,1002,1022
1021,1017,1015,1005,1003,1006,1010,1013,1015,1021
1021,1019,1017,1008,1007,1007,1013,1013,1014,1023
1021,1020,1011,1001,1001,1000,1002,1003,1005,1019
1021,1019,1010,995,996,997,1000,1001,1005,1020
1022,1019,1017,1012,1011,1013,1012,1016,1016,1021
1022,1023,1022,1021,1021,1022,1021,1022,1021,1023
1022,1019,1010,939,937,942,953,960,968,1021
1023,1023,1014,895,891,909,935,952,967,1022
1018,1016,1013,986,983,989,997,1002,1006,1020
1022,1018,1014,974,967,974,988,995,1000,1022
1019,1018,1017,1003,1003,1003,1011,1012,1014,1021
1021,1021,1016,1007,1008,1009,1012,1012,1015,1020
1021,1018,1010,1001,1000,1000,1003,1004,1006,1020
1021,1019,1010,998,996,998,998,1001,1004,1021
1020,1020,1018,1011,1011,1013,1013,1013,1014,1022
1023,1023,1022,1021,1022,1021,1022,1022,1022,1023
1023,1020,1009,940,937,941,951,959,968,1020
1023,1020,1009,894,892,911,934,952,968,1022
1018,1016,1014,986,982,987,997,1003,1007,1020
1019,1019,1013,973,969,972,990,994,998,1022
1020,1019,1015,1004,1004,1005,1011,1012,1016,1019
1023,1020,1017,1009,1007,1009,1011,1014,1017,1022
1020,1019,1010,1001,1001,998,1003,1003,1005,1020
1020,1016,1009,996,996,998,997,1002,1004,1021
1021,1018,1017,1013,1010,1013,1012,1013,1015,1020
1023,1023,1023,1021,1022,1021,1023,1022,1020,1023
1021,1019,1009,938,935,942,951,960,969,1023
1022,1022,1012,895,892,912,933,953,966,1022
1018,1016,1011,985,983,988,997,1002,1006,1021
1020,1017,1014,972,969,971,989,993,1000,1023
1021,1019,1015,1004,1003,1005,1010,1011,1014,1021
1022,1020,1016,1009,1006,1008,1012,1014,1016,1021
1019,1017,1009,999,1001,1001,1001,1004,1005,1018
1020,1017,1008,996,997,997,999,1002,1003,1018
1021,1020,1019,1011,1013,1011,1015,1014,1015,1022
1023,1023,1022,1021,1022,1022,1022,1021,1022,1022
1023,1020,1010,940,937,944,952,960,970,1021
1020,1020,1013,895,892,911,935,954,967,1023
1017,1015,1012,985,984,987,997,1002,1006,1019
1021,1019,1010,973,968,975,989,994,1001,1022
1022,1020,1015,1005,1002,1004,1009,1013,1016,1021
1021,1020,1017,1008,1008,1007,1013,1014,1013,1021
1021,1017,1009,1001,1000,1001,1003,1004,1005,1019
1023,1018,1011,996,996,997,1001,1001,1002,1020
1022,1020,1016,1012,1011,1013,1012,1013,1016,1019
1023,1023,1022,1022,1021,1022,1021,1023,1022,1023
1021,1018,1012,940,936,942,952,961,967,1020
1021,1021,1012,894,893,910,936,952,966,1023
1016,1019,1013,985,983,988,998,1002,1008,1020
1021,1019,1014,974,967,974,987,994,1001,1022
1021,1018,1015,1005,1003,1004,1009,1011,1013,1019
1021,1019,1017,1007,1007,1006,1013,1014,1015,1022
1022,1018,1011,1000,1000,1001,1002,1002,1005,1019
1021,1019,1009,998,996,996,999,1000,1004,1019
1021,1020,1017,1012,1010,1012,1013,1016,1016,1021
1022,1023,1023,1022,1022,1021,1022,1022,1021,1023
1021,1019,1011,939,937,942,953,959,968,1022
1023,1023,1011,895,892,911,935,952,968,1023
1019,1017,1013,987,983,987,997,1002,1006,1020
1022,1017,1013,975,970,973,989,995,998,1021
1019,1019,1016,1004,1002,1004,1011,1013,1016,1021
1021,1020,1016,1009,1007,1008,1012,1012,1016,1020
1020,1018,1009,1000,1000,1000,1003,1003,1004,1019
1021,1019,1009,997,996,997,997,1000,1001,1019
1020,1019,1016,1013,1012,1011,1013,1015,1015,1021
1023,1023,1022,1021,1022,1021,1023,1022,1022,1023
1023,1019,1010,940,937,944,951,959,968,1022
1023,1019,1010,895,892,911,936,952,968,1022
1019,1017,1014,985,984,986,998,1003,1007,1021
1020,1020,1014,974,969,974,990,993,1001,1023
1020,1016,1015,1007,1002,1005,1011,1013,1015,1020
1022,1018,1014,1009,1006,1008,1010,1015,1017,1021
1020,1018,1010,1000,1000,1000,1002,1004,1004,1020
1020,1018,1011,996,997,997,1000,1002,1003,1020
1022,1020,1018,1012,1012,1011,1013,1014,1015,1022
1023,1023,1021,1021,1020,1022,1022,1020,1021,1023
1022,1017,1010,939,935,943,951,961,969,1021
1023,1019,1011,894,892,909,933,952,966,1023
1018,1019,1014,984,983,988,999,1001,1006,1021
1021,1018,1015,974,967,975,990,995,1000,1022
1020,1017,1014,1006,1004,1006,1010,1014,1016,1021
1021,1019,1017,1007,1008,1008,1013,1014,1015,1023
1018,1017,1010,1000,1002,1000,1003,1004,1004,1020
1021,1018,1011,996,996,996,1000,1000,1003,1020
1022,1021,1016,1012,1011,1014,1014,1014,1016,1021
1023,1023,1022,1023,1022,1022,1021,1023,1023,1023
1023,1016,1011,938,938,941,951,960,969,1022
1021,1019,1011,894,892,910,936,950,966,1022
1018,1019,1012,986,982,987,998,1001,1007,1019
1021,1019,1014,974,969,975,988,995,1002,1020
1020,1016,1016,1004,1004,1005,1011,1014,1014,1021
1022,1021,1017,1008,1007,1008,1012,1014,1016,1021
1022,1018,1011,1000,1000,1000,1004,1003,1005,1020
1023,1021,1010,996,996,998,1000,1002,1005,1020
1022,1020,1018,1011,1012,1012,1012,1014,1016,1020
1023,1022,1022,1021,1023,1021,1022,1023,1021,1023
1021,1018,1011,939,935,942,952,960,968,1023
1023,1021,1011,894,891,910,936,949,965,1021
1020,1017,1012,984,984,989,997,1003,1006,1019
1022,1019,1014,974,970,972,988,994,1000,1023
1020,1018,1017,1006,1004,1005,1010,1011,1014,1019
1022,1019,1016,1009,1007,1009,1012,1014,1016,1022
1021,1019,1009,1001,1001,1002,1003,1004,1005,1019
1019,1018,1011,996,996,997,998,1000,1003,1020
1021,1019,1018,1011,1013,1011,1013,1015,1014,1022
1021,1023,1021,1023,1021,1022,1023,1021,1022,1022
1020,1019,1010,939,936,942,952,958,968,1021
1023,1020,1011,894,892,912,934,953,967,1023
1016,1017,1013,985,984,988,997,1002,1007,1021
1021,1020,1015,975,969,973,989,994,1000,1021
1019,1017,1015,1005,1004,1007,1011,1013,1015,1018
1021,1019,1015,1007,1007,1008,1012,1014,1016,1021
1020,1018,1009,1000,1001,999,1001,1003,1004,1021
1021,1018,1010,995,998,996,1000,1002,1003,1022
1022,1021,1016,1012,1009,1012,1014,1013,1015,1021
1023,1023,1021,1021,1022,1023,1022,1021,1022,1023
1023,1019,1009,939,938,943,951,960,968,1021
1023,1020,1012,893,893,910,934,951,965,1023
1019,1017,1013,987,983,987,998,1002,1006,1020
1023,1022,1012,974,968,973,988,994,1001,1022
1018,1017,1016,1005,1004,1006,1010,1013,1014,1020
1021,1019,1017,1009,1008,1008,1012,1014,1014,1021
1021,1017,1010,1001,1001,1001,1001,1004,1004,1018
1020,1017,1010,995,997,997,1001,1001,1004,1020
1019,1020,1018,1013,1011,1012,1013,1013,1013,1021
1023,1023,1021,1022,1022,1022,1022,1022,1022,1022
1021,1019,1011,939,934,943,952,960,969,1022
1022,1019,1012,894,892,911,934,952,966,1022
1018,1017,1013,986,983,987,997,1003,1005,1021
1021,1019,1012,975,968,973,990,996,1002,1021
1019,1018,1016,1004,1003,1006,1010,1011,1014,1019
1021,1018,1017,1007,1007,1007,1012,1014,1014,1023
1020,1017,1009,999,1001,1001,1002,1003,1005,1020
1020,1017,1010,997,996,997,999,1002,1003,1019
1022,1020,1017,1013,1011,1011,1015,1014,1016,1020
1023,1023,1020,1021,1022,1023,1022,1021,1023,1022
1021,1018,1012,938,937,942,952,960,968,1023
1021,1019,1013,894,893,910,935,953,966,1023
1017,1019,1011,987,983,987,998,1002,1008,1018
1020,1019,1013,973,967,975,988,995,1002,1023
1023,1017,1015,1004,1004,1005,1010,1011,1013,1022
1020,1019,1017,1008,1009,1007,1012,1015,1015,1021
1018,1018,1009,1001,1001,1001,1003,1004,1005,1020
1022,1020,1009,996,995,997,998,999,1004,1020
1023,1019,1017,1012,1011,1013,1014,1014,1015,1022
1023,1023,1022,1021,1020,1021,1023,1023,1021,1023
1023,1018,1010,939,936,941,951,959,969,1021
1021,1019,1011,895,892,912,937,952,966,1021
1018,1018,1013,986,983,988,997,1004,1006,1021
1021,1020,1013,974,970,973,989,995,1002,1022
1020,1016,1015,1006,1003,1004,1011,1013,1016,1020
1020,1020,1016,1006,1005,1008,1012,1013,1016,1020
1018,1017,1010,998,999,1001,1002,1004,1006,1020
1021,1017,1011,995,996,998,999,1002,1002,1021
1018,1019,1017,1013,1011,1010,1013,1015,1015,1021
1023,1023,1019,1022,1022,1021,1022,1020,1022,1021
1020,1018,1012,939,937,944,952,961,968,1022
1023,1019,1012,893,892,911,933,953,966,1023
1017,1016,1012,985,985,987,998,1003,1007,1020
1020,1020,1013,975,969,975,990,994,1003,1022
1018,1017,1017,1005,1003,1005,1011,1013,1013,1020
1022,1018,1017,1008,1008,1008,1010,1014,1015,1022
1018,1017,1012,999,1001,1001,1002,1005,1003,1020
1020,1016,1010,997,997,996,999,1002,1003,1020
1023,1020,1016,1013,1011,1012,1014,1014,1016,1020
1023,1023,1023,1022,1021,1022,1021,1023,1020,1023
1023,1017,1011,938,937,943,950,960,967,1022
1022,1020,1010,894,894,910,935,954,968,1023
1018,1018,1012,985,984,987,998,1003,1007,1019
1020,1019,1015,974,968,974,989,995,1000,1019
1019,1016,1016,1004,1004,1007,1010,1014,1014,1022
1021,1018,1016,1009,1008,1008,1013,1014,1016,1022
1018,1017,1010,1000,1001,1000,1003,1004,1006,1021
1021,1020,1008,996,996,996,1000,1001,1004,1021
1021,1020,1018,1013,1010,1012,1013,1014,1015,1019
1023,1023,1021,1020,1021,1023,1021,1023,1022,1023
1021,1017,1011,938,936,943,952,961,968,1022
1022,1020,1011,894,892,909,935,952,967,1023
1018,1017,1013,986,983,987,997,1003,1006,1019
1022,1018,1015,972,970,974,989,995,1000,1021
1021,1019,1014,1005,1004,1004,1010,1013,1015,1021
1020,1021,1017,1008,1007,1008,1012,1014,1017,1021
1019,1018,1009,1001,1001,1000,1003,1005,1005,1020
1021,1020,1010,996,996,997,1001,1000,1004,1020
1022,1020,1019,1010,1010,1011,1014,1014,1015,1023
1023,1023,1021,1022,1022,1022,1020,1023,1022,1023
1021,1020,1007,940,937,943,953,959,970,1023
1020,1020,1013,894,891,908,936,952,967,1021
1018,1016,1014,984,984,989,997,1003,1005,1020
1021,1019,1013,972,969,973,989,994,1001,1022
1019,1019,1015,1005,1003,1004,1011,1010,1015,1020
1020,1018,1018,1009,1006,1008,1012,1015,1016,1021
1018,1019,1010,1000,1000,1001,1003,1004,1006,1019
1022,1017,1011,996,996,996,1000,1002,1003,1020
1021,1021,1017,1012,1012,1013,1013,1014,1015,1022
1023,1023,1021,1023,1023,1022,1023,1020,1023,1023
1022,1019,1011,939,937,943,953,959,969,1019
1023,1019,1014,895,891,911,936,953,967,1022
1020,1018,1012,984,984,988,997,1002,1006,1020
1020,1020,1012,974,969,973,990,993,1001,1023
1020,1016,1015,1006,1004,1005,1012,1014,1014,1021
1021,1019,1018,1007,1008,1009,1013,1015,1015,1019
1018,1017,1010,1000,1000,1001,1003,1005,1004,1018
1020,1018,1011,996,997,998,998,1002,1003,1021
1019,1020,1016,1013,1012,1011,1016,1014,1017,1021
1023,1023,1023,1022,1022,1022,1022,1023,1021,1022
1020,1018,1010,938,936,943,951,961,968,1022
1023,1021,1011,893,892,910,935,952,967,1023
1016,1016,1012,987,983,986,999,1001,1006,1019
1022,1017,1013,975,968,973,988,995,1001,1021
1020,1019,1016,1004,1004,1005,1009,1013,1014,1018
1019,1021,1016,1008,1010,1008,1013,1013,1015,1021
1017,1020,1010,1001,1001,1001,1003,1004,1005,1019
1021,1019,1009,997,996,996,998,1000,1005,1021
1022,1020,1017,1014,1012,1012,1014,1015,1016,1021
1023,1023,1022,1021,1022,1022,1022,1023,1022,1022
1022,1020,1010,939,938,943,952,960,969,1023
1020,1021,1010,894,893,910,935,952,967,1023
1018,1017,1013,987,982,988,998,1003,1007,1020
1023,1016,1015,974,970,974,989,996,999,1022
1020,1019,1015,1003,1004,1006,1011,1013,1013,1020
1019,1020,1016,1009,1006,1008,1013,1013,1016,1021
1016,1019,1010,1000,1001,1000,1003,1004,1006,1021
1022,1017,1011,998,995,997,1001,1002,1004,1020
1022,1019,1018,1012,1011,1012,1013,1014,1015,1020
1023,1023,1021,1021,1022,1022,1022,1020,1022,1023
1020,1020,1010,939,936,942,953,960,969,1022
1023,1020,1012,894,891,910,936,953,967,1023
1021,1016,1016,985,984,987,997,1003,1006,1019
1020,1020,1013,974,970,975,990,995,1000,1023
1020,1019,1013,1004,1004,1004,1012,1012,1015,1021
1021,1019,1015,1009,1007,1008,1012,1014,1015,1021
1019,1017,1010,1002,1001,1001,1002,1004,1005,1020
1022,1017,1010,997,996,997,999,1003,1002,1020
1019,1021,1016,1011,1013,1012,1013,1013,1015,1021
1023,1023,1021,1022,1022,1021,1022,1020,1021,1023
1022,1017,1009,940,936,943,951,961,969,1023
1021,1021,1014,894,892,911,934,952,967,1022
1017,1019,1013,984,983,988,999,1002,1006,1020
1019,1020,1011,974,969,972,989,995,1000,1022
1023,1017,1014,1006,1003,1006,1010,1012,1015,1020
1020,1019,1017,1009,1006,1008,1013,1015,1015,1020
1017,1017,1010,1000,1000,1002,1002,1005,1005,1020
1021,1020,1010,996,996,996,1000,1001,1002,1021
1023,1020,1017,1014,1012,1011,1014,1013,1015,1022
1023,1022,1021,1022,1021,1023,1021,1023,1023,1023
1022,1019,1013,938,936,942,951,960,968,1020
1021,1020,1013,894,892,910,936,953,966,1023
1020,1018,1010,985,984,988,998,1001,1007,1020
1022,1018,1014,974,968,974,988,995,1001,1021
1020,1016,1016,1005,1004,1005,1011,1015,1016,1020
1018,1021,1016,1008,1008,1008,1012,1014,1014,1022
1018,1020,1010,1000,1001,1000,1003,1004,1005,1021
1020,1017,1010,998,997,995,999,1001,1004,1020
1021,1017,1018,1012,1011,1013,1012,1014,1016,1020
1023,1023,1021,1020,1021,1023,1022,1022,1020,1023
1019,1018,1008,939,937,942,953,960,968,1022
1023,1020,1009,894,892,910,935,952,966,1023
1018,1016,1013,986,982,989,997,1003,1007,1020
1020,1021,1015,973,971,974,989,996,1000,1022
1019,1019,1017,1004,1004,1004,1012,1012,1014,1020
1021,1020,1014,1009,1008,1009,1011,1013,1015,1022
1018,1018,1011,1001,1001,1000,1003,1005,1004,1020
1020,1019,1010,996,998,996,1000,1001,1003,1023
1021,1021,1015,1012,1011,1011,1013,1013,1014,1021
1023,1023,1023,1022,1021,1021,1021,1023,1022,1020
1023,1018,1011,938,937,942,953,960,967,1021
1022,1017,1009,894,893,909,936,952,964,1023
1019,1018,1012,986,983,987,997,1001,1006,1020
1022,1018,1014,974,969,974,989,996,1001,1021
1019,1019,1015,1004,1004,1003,1011,1013,1014,1021
1020,1020,1015,1009,1007,1008,1013,1014,1016,1020
1015,1019,1010,1000,1001,1000,1002,1004,1004,1021
1022,1017,1008,996,996,997,1000,1000,1004,1020
1020,1020,1017,1012,1011,1013,1012,1015,1016,1021
1023,1023,1022,1023,1022,1021,1023,1023,1022,1023
1021,1021,1010,938,936,943,952,961,968,1023
1023,1022,1010,895,891,911,935,951,966,1023
1020,1016,1013,987,983,988,997,1002,1007,1019
1021,1019,1014,974,969,972,989,994,1000,1020
1020,1019,1017,1005,1004,1005,1012,1012,1014,1020
1018,1019,1015,1009,1007,1009,1013,1014,1016,1022
1018,1017,1009,999,1001,1000,1002,1005,1004,1019
1020,1017,1009,996,996,997,998,1001,1004,1020
1020,1020,1019,1012,1010,1012,1014,1015,1015,1021
1023,1023,1022,1022,1022,1021,1023,1023,1022,1023
1023,1020,1008,940,937,943,952,959,968,1023
1023,1020,1011,894,891,911,934,952,966,1022
1017,1016,1013,987,983,987,997,1004,1007,1020
1022,1020,1013,973,968,972,989,995,1000,1023
1020,1019,1015,1005,1003,1005,1011,1013,1013,1020
1021,1019,1016,1009,1005,1009,1011,1014,1016,1021
1017,1017,1010,1001,1000,1002,1001,1005,1006,1019
1021,1018,1012,996,995,996,999,1003,1002,1019
1022,1021,1017,1011,1012,1011,1013,1014,1015,1023
1023,1023,1021,1022,1022,1022,1021,1020,1022,1023
1023,1018,1010,939,937,943,953,959,970,1022
1019,1022,1012,894,893,910,935,953,967,1022
1018,1020,1013,985,985,988,998,1003,1007,1021
1022,1020,1013,974,969,974,990,995,1001,1022
1020,1017,1016,1004,1002,1005,1009,1011,1014,1022
1020,1018,1018,1008,1008,1009,1011,1013,1016,1020
1018,1019,1010,1000,1001,1000,1003,1004,1004,1020
1020,1018,1009,995,997,997,1000,1001,1003,1021
1020,1020,1017,1012,1011,1012,1013,1013,1014,1021
1023,1023,1023,1022,1021,1021,1022,1022,1021,1022
1018,1018,1010,939,938,942,953,961,969,1022
1021,1022,1012,893,893,910,937,953,966,1023
1018,1017,1012,987,982,989,996,1003,1006,1020
1023,1016,1014,974,968,974,989,994,1001,1021
1019,1019,1016,1003,1004,1004,1010,1013,1015,1020
1021,1019,1016,1008,1005,1007,1013,1013,1016,1022
1018,1017,1009,1000,1001,1001,1003,1004,1006,1019
1020,1019,1008,995,997,997,1000,1001,1004,1022
1021,1020,1016,1012,1012,1011,1013,1013,1015,1020
1022,1022,1022,1021,1021,1021,1021,1022,1022,1022
1020,1018,1010,940,938,943,952,961,969,1021
1022,1021,1012,894,894,909,936,953,964,1023
1020,1018,1013,986,982,989,999,1002,1007,1020
1022,1018,1013,974,969,975,988,992,1002,1021
1020,1018,1016,1004,1004,1003,1010,1013,1014,1021
1018,1019,1014,1008,1007,1008,1012,1014,1016,1022
1018,1018,1010,1000,1001,1001,1003,1005,1005,1021
1021,1019,1008,997,996,996,1000,1001,1004,1021
1021,1021,1018,1012,1012,1013,1014,1014,1016,1020
1023,1023,1021,1022,1023,1022,1021,1022,1023,1023
1022,1018,1011,937,936,942,952,961,967,1022
1023,1020,1012,894,891,912,936,951,966,1023
1020,1016,1012,986,983,989,998,1002,1008,1021
1023,1018,1015,974,970,973,988,995,1000,1022
1019,1020,1016,1004,1004,1005,1011,1012,1015,1022
1020,1021,1016,1009,1006,1009,1013,1013,1015,1021
1017,1017,1010,1000,1000,1001,1003,1004,1005,1020
1021,1017,1011,997,996,998,998,1000,1003,1019
1019,1021,1018,1012,1013,1012,1014,1014,1015,1022
1023,1023,1022,1022,1022,1022,1023,1022,1022,1023
1023,1019,1009,940,937,943,953,959,969,1022
1022,1020,1013,895,891,911,935,952,966,1021
1018,1016,1013,985,984,987,997,1003,1007,1019
1020,1018,1015,974,968,973,989,994,1000,1021
1022,1020,1015,1006,1002,1006,1011,1012,1015,1019
1021,1020,1016,1007,1008,1009,1014,1014,1017,1020
1017,1017,1010,1000,1002,1001,1002,1003,1005,1019
1019,1018,1010,996,996,997,999,1002,1004,1020
1023,1021,1018,1012,1011,1012,1013,1013,1014,1022
1023,1023,1022,1022,1022,1023,1023,1022,1022,1023
1023,1019,1009,939,937,943,952,960,970,1020
1020,1019,1011,893,894,910,934,952,966,1023
1016,1017,1014,984,983,988,997,1003,1004,1020
1022,1020,1013,975,968,974,989,993,1001,1021
1021,1018,1016,1005,1004,1006,1011,1012,1015,1020
1021,1019,1018,1007,1007,1009,1012,1014,1016,1022
1014,1018,1012,1000,1001,1001,1002,1005,1005,1019
1022,1017,1010,998,995,996,1000,1001,1003,1020
1020,1019,1018,1012,1011,1013,1013,1014,1016,1021
1023,1022,1022,1022,1021,1022,1021,1022,1022,1023
1019,1019,1010,938,937,942,952,960,969,1022
1022,1023,1013,895,891,910,935,953,965,1022
1017,1016,1012,986,982,989,998,1002,1007,1019
1023,1018,1014,974,970,974,988,993,1001,1021
1018,1019,1017,1006,1005,1004,1010,1014,1014,1021
1020,1019,1017,1009,1006,1008,1014,1014,1015,1020
1019,1019,1010,1000,1001,1000,1003,1004,1005,1020
1022,1016,1011,998,997,998,1000,1001,1003,1020
1021,1019,1017,1011,1011,1012,1013,1015,1015,1021
1023,1023,1022,1021,1022,1021,1022,1022,1021,1023
1022,1018,1010,939,937,942,954,961,968,1022
1023,1021,1010,895,891,910,935,952,966,1021
1018,1017,1012,985,983,988,996,1003,1006,1020
1020,1019,1016,974,970,973,989,995,998,1021
1020,1019,1014,1007,1002,1004,1010,1013,1014,1018
1023,1020,1016,1009,1007,1009,1012,1013,1016,1020
1018,1018,1009,1001,1000,1002,1002,1004,1005,1018
1018,1017,1011,995,996,996,998,999,1003,1021
1019,1020,1018,1012,1012,1011,1013,1015,1013,1022
1022,1023,1021,1023,1022,1021,1023,1022,1021,1023
1022,1018,1010,939,935,943,952,960,970,1020
1023,1019,1012,894,892,912,935,952,967,1023
1018,1018,1015,986,983,988,999,1003,1005,1021
1019,1019,1014,975,969,972,988,995,1000,1020
1021,1019,1015,1005,1003,1005,1009,1011,1015,1020
1021,1020,1017,1008,1007,1008,1012,1014,1015,1022
1016,1018,1010,1000,1000,1002,1001,1003,1006,1020
1021,1015,1011,995,998,996,1000,1003,1003,1021
1022,1021,1017,1012,1010,1011,1014,1014,1014,1019
1023,1023,1020,1022,1022,1021,1022,1020,1023,1022
1023,1019,1011,938,938,943,952,960,968,1023
1020,1020,1011,895,892,912,935,952,966,1022
1016,1019,1012,988,984,988,998,1002,1007,1019
1022,1019,1013,974,967,973,989,994,1002,1022
1021,1018,1015,1004,1003,1006,1011,1012,1013,1019
1020,1020,1016,1007,1009,1010,1013,1013,1016,1021
1020,1018,1010,1000,1002,999,1003,1004,1005,1019
1021,1020,1010,997,995,996,1000,999,1004,1020
1021,1018,1019,1010,1011,1013,1013,1014,1015,1023
1023,1023,1023,1021,1023,1023,1020,1021,1021,1023
1023,1020,1009,940,937,942,952,961,967,1020
1021,1021,1011,895,892,910,936,952,966,1022
1019,1016,1015,986,984,988,997,1002,1007,1020
1020,1019,1014,974,970,974,990,995,1000,1021
1019,1019,1015,1005,1004,1005,1010,1014,1016,1022
1021,1020,1017,1009,1006,1008,1013,1013,1016,1021
1019,1017,1011,999,1001,1000,1003,1006,1004,1019
1021,1019,1010,995,996,996,999,1001,1005,1019
1022,1019,1016,1011,1011,1013,1013,1014,1016,1021
1023,1023,1021,1022,1022,1022,1020,1023,1021,1023
1019,1018,1009,940,938,942,953,961,969,1021
1022,1022,1011,895,892,910,936,952,967,1021
1017,1015,1015,985,983,988,998,1002,1005,1020
1023,1018,1014,973,969,974,987,995,1000,1023
1017,1019,1013,1005,1004,1005,1011,1012,1017,1019
1021,1019,1016,1008,1007,1008,1013,1013,1016,1019
1019,1019,1010,1000,1000,1000,1004,1004,1006,1019
1021,1018,1012,995,995,996,998,1001,1003,1022
1022,1020,1018,1012,1012,1013,1012,1014,1015,1021
1023,1023,1020,1022,1022,1022,1022,1023,1023,1023
1022,1020,1009,940,936,941,951,960,970,1020
1023,1020,1013,896,892,912,936,952,965,1022
1018,1018,1013,984,984,987,997,1003,1006,1022
1020,1019,1012,975,969,973,987,995,1001,1020
1020,1018,1015,1006,1004,1004,1010,1013,1016,1017
1021,1018,1017,1007,1007,1009,1013,1015,1015,1022
1020,1017,1010,999,1000,1000,1002,1003,1005,1019
1021,1017,1012,996,995,998,999,1001,1002,1020
1022,1020,1016,1012,1012,1013,1014,1015,1016,1022
1023,1023,1021,1022,1022,1021,1023,1020,1022,1023
1023,1019,1011,940,936,942,952,960,969,1021
1023,1018,1012,893,890,911,935,953,965,1023
1019,1018,1011,986,983,986,997,1003,1007,1020
1021,1020,1013,975,968,973,989,993,1003,1020
1020,1016,1016,1005,1003,1006,1011,1013,1014,1020
1022,1019,1016,1008,1008,1008,1011,1015,1014,1021
1019,1016,1012,1000,1000,1001,1002,1004,1004,1020
1023,1019,1010,996,996,997,998,1001,1003,1021
1022,1021,1017,1013,1012,1012,1014,1014,1016,1020
1023,1023,1023,1022,1021,1022,1022,1022,1022,1023
1022,1017,1011,938,936,943,953,961,967,1023
1021,1020,1010,895,893,911,935,954,967,1023
1018,1019,1013,985,983,986,999,1000,1007,1020
1021,1019,1016,974,967,973,989,993,999,1019
1020,1018,1015,1005,1003,1007,1011,1013,1015,1020
1022,1021,1016,1008,1008,1009,1012,1014,1016,1023
1019,1017,1010,999,999,1001,1001,1004,1005,1019
1021,1018,1009,997,997,995,999,1001,1003,1019
1022,1020,1018,1012,1012,1011,1013,1013,1014,1020
1023,1023,1023,1023,1021,1023,1022,1023,1021,1023
1022,1020,1009,938,937,943,952,961,970,1023
1019,1021,1011,894,892,910,935,952,966,1022
1017,1017,1014,986,983,988,999,1002,1007,1020
1022,1019,1014,974,969,973,987,994,999,1022
1021,1019,1016,1005,1004,1005,1009,1011,1014,1020
1020,1020,1015,1007,1007,1008,1012,1013,1017,1021
1019,1019,1009,1000,1000,1000,1003,1003,1006,1019
1021,1017,1011,997,996,996,1000,1000,1003,1019
1022,1020,1019,1011,1011,1013,1012,1015,1015,1022
1023,1023,1021,1021,1023,1022,1023,1022,1023,1023
1019,1019,1009,939,938,942,952,960,969,1020
1022,1018,1011,895,892,910,936,954,967,1021
1017,1016,1014,984,983,988,996,1003,1006,1021
1021,1020,1014,973,969,973,988,993,1000,1023
1019,1018,1014,1004,1004,1005,1011,1012,1017,1021
1022,1019,1016,1009,1007,1009,1012,1014,1016,1021
1020,1017,1011,1001,1000,999,1003,1004,1005,1019
1021,1017,1013,996,995,996,999,1002,1002,1021
1021,1020,1016,1011,1012,1011,1013,1014,1017,1022
1023,1023,1020,1022,1022,1022,1023,1021,1023,1023
1022,1018,1011,940,937,942,953,961,968,1020
1023,1019,1013,895,892,910,935,954,965,1022
1017,1018,1013,985,983,987,997,1001,1007,1021
1018,1019,1013,974,967,973,990,993,1001,1023
1021,1017,1016,1005,1004,1003,1011,1012,1014,1017
1021,1019,1016,1009,1007,1009,1010,1015,1016,1021
1020,1018,1010,1001,999,1001,1002,1005,1004,1021
1021,1019,1011,996,997,997,997,999,1004,1020
1021,1022,1017,1012,1011,1012,1013,1013,1015,1021
1023,1023,1021,1021,1021,1020,1021,1023,1022,1022
1023,1017,1010,938,936,943,952,960,968,1020
1022,1019,1014,894,891,911,934,953,965,1023
1019,1018,1012,986,983,988,999,1001,1007,1021
1023,1020,1014,974,969,973,988,994,1000,1020
1023,1016,1016,1006,1002,1006,1010,1014,1015,1020
1020,1021,1017,1008,1007,1008,1012,1013,1015,1022
1020,1017,1009,1000,1000,1002,1003,1004,1005,1022
1021,1020,1010,996,996,996,1000,1000,1004,1020
1022,1019,1016,1013,1011,1012,1014,1014,1015,1018
1023,1023,1022,1022,1022,1023,1022,1022,1022,1023
1021,1020,1011,939,936,943,952,961,967,1022
1021,1022,1012,893,893,910,936,951,966,1023
1020,1018,1013,986,983,988,998,1003,1008,1019
1021,1016,1015,975,966,974,989,996,1000,1021
1019,1019,1017,1006,1004,1005,1011,1012,1015,1021
1020,1021,1016,1007,1007,1008,1012,1013,1016,1021
1021,1017,1008,999,1000,1000,1002,1004,1005,1021
1022,1018,1009,996,996,996,1000,1001,1004,1020
1020,1020,1018,1013,1012,1012,1012,1015,1015,1020
1023,1023,1022,1021,1021,1022,1022,1022,1021,1023
1023,1021,1011,939,937,943,953,959,968,1023
1023,1020,1011,895,892,909,935,953,966,1021
1018,1015,1012,985,983,988,997,1002,1006,1020
1021,1020,1015,975,969,974,989,994,1000,1022
1019,1018,1016,1006,1005,1004,1012,1012,1016,1020
1022,1019,1015,1009,1008,1009,1012,1014,1016,1021
1020,1017,1010,1001,1000,1000,1002,1005,1005,1019
1019,1017,1011,998,996,997,999,1002,1002,1020
1018,1020,1018,1011,1011,1011,1014,1014,1015,1022
1023,1023,1021,1022,1022,1022,1022,1022,1023,1023
1020,1018,1007,940,936,943,951,960,969,1021
1023,1020,1011,894,892,910,934,954,964,1022
1017,1016,1014,983,982,987,998,1002,1007,1020
1023,1020,1014,975,970,973,990,994,1002,1020
1020,1018,1015,1005,1004,1005,1011,1014,1015,1020
1019,1019,1017,1008,1005,1009,1013,1015,1016,1022
1021,1017,1010,1001,1001,1001,1002,1004,1005,1020
1021,1019,1011,995,997,997,1000,1000,1002,1022
1023,1022,1018,1013,1012,1012,1013,1013,1015,1021
1023,1023,1021,1022,1022,1022,1022,1023,1022,1022
1021,1019,1010,939,936,943,952,960,968,1023
1021,1021,1012,893,891,910,935,951,965,1022
1019,1017,1011,985,984,985,997,1003,1006,1019
1022,1020,1014,975,969,973,989,996,1001,1022
1020,1016,1016,1005,1002,1006,1011,1014,1015,1021
1020,1019,1017,1008,1007,1008,1014,1013,1016,1021
1022,1017,1011,1000,1000,1001,1003,1003,1004,1020
1021,1020,1010,997,996,996,1000,1000,1003,1019
1021,1019,1017,1013,1012,1012,1011,1014,1016,1020
1023,1022,1021,1021,1021,1023,1021,1022,1022,1023
1021,1018,1010,939,935,943,952,960,968,1022
1022,1020,1014,893,893,909,936,952,966,1022
1018,1018,1013,986,983,988,998,1003,1007,1020
1023,1019,1012,975,967,973,988,993,1000,1019
1019,1017,1015,1005,1003,1004,1011,1012,1014,1020
1019,1019,1016,1007,1008,1008,1011,1013,1017,1022
1021,1017,1010,999,1002,999,1003,1004,1005,1019
1022,1019,1009,997,997,995,999,1001,1003,1019
1019,1020,1018,1012,1010,1012,1013,1014,1013,1022
1023,1023,1021,1021,1022,1022,1023,1020,1022,1023
1023,1020,1011,938,938,942,952,960,969,1022
1023,1020,1009,894,892,912,934,952,967,1022
1019,1017,1013,986,982,987,997,1003,1005,1020
1022,1018,1012,973,969,971,989,995,1000,1023
1020,1018,1015,1004,1002,1005,1011,1010,1015,1019
1022,1021,1015,1009,1006,1009,1011,1013,1016,1021
1021,1018,1010,1002,999,1002,1001,1005,1005,1019
1019,1017,1010,996,995,998,999,1002,1003,1021
1022,1021,1018,1010,1010,1011,1014,1014,1015,1023
1023,1023,1021,1021,1022,1021,1022,1020,1021,1023
1022,1020,1008,940,937,944,951,959,970,1021
1023,1021,1012,896,891,910,934,953,966,1022
1016,1015,1013,986,982,988,999,1003,1005,1020
1022,1019,1015,974,969,973,989,993,1001,1022
1022,1018,1016,1004,1002,1006,1010,1012,1015,1021
1022,1020,1014,1010,1005,1008,1012,1015,1016,1019
1018,1017,1009,999,1001,1000,1003,1005,1004,1019
1022,1017,1011,996,996,996,999,1001,1004,1021
1022,1020,1018,1012,1013,1012,1013,1012,1014,1021
1023,1023,1020,1022,1022,1022,1022,1022,1022,1023
1020,1020,1009,940,936,943,952,961,969,1022
1020,1019,1011,894,893,910,936,953,966,1023
1018,1017,1012,983,983,987,998,1002,1007,1020
1023,1021,1015,974,968,974,987,994,1000,1023
1019,1017,1015,1005,1005,1005,1012,1013,1014,1019
1020,1019,1017,1007,1008,1006,1013,1014,1016,1021
1020,1017,1010,1000,1000,1001,1003,1004,1005,1020
1022,1018,1010,995,996,997,1000,1001,1003,1021
1021,1019,1018,1012,1011,1013,1012,1015,1014,1019
1023,1023,1021,1023,1022,1021,1021,1022,1020,1022
1020,1019,1010,938,937,942,953,960,969,1022
1021,1021,1014,894,893,910,936,952,967,1023
1019,1019,1013,987,983,988,996,1002,1007,1020
1022,1018,1013,975,970,973,988,997,1001,1021
1021,1017,1017,1004,1005,1003,1011,1013,1014,1022
1018,1020,1015,1008,1007,1009,1013,1011,1016,1020
1022,1017,1009,1000,1001,1002,1003,1004,1005,1020
1021,1020,1009,997,996,997,999,1002,1004,1020
1020,1020,1019,1012,1012,1012,1013,1014,1015,1020
1023,1022,1022,1022,1023,1021,1022,1022,1023,1023
1022,1019,1011,937,935,942,952,959,968,1022
1023,1022,1012,894,891,911,935,952,966,1020
1019,1016,1011,986,984,988,996,1004,1005,1020
1022,1019,1014,973,970,972,988,994,1001,1023
1018,1019,1015,1005,1004,1007,1012,1012,1015,1020
1021,1020,1014,1008,1007,1008,1011,1014,1016,1019
1020,1018,1010,1001,999,1000,1002,1004,1005,1020
1020,1018,1010,996,996,997,1000,1002,1003,1020
1020,1019,1018,1010,1012,1011,1014,1014,1016,1023
1023,1023,1022,1021,1021,1022,1022,1021,1021,1023
1023,1019,1007,939,935,943,952,960,969,1020
1023,1019,1013,894,891,909,933,953,965,1023
1018,1015,1013,985,984,987,998,1002,1005,1020
1020,1020,1013,973,967,976,990,994,1000,1021
1021,1018,1016,1006,1003,1005,1010,1013,1015,1020
1021,1018,1017,1008,1009,1008,1012,1016,1014,1023
1020,1017,1010,1000,999,1001,1003,1003,1005,1021
1021,1018,1010,995,996,996,998,1001,1003,1021
1022,1019,1017,1013,1012,1011,1012,1014,1015,1020
1023,1023,1021,1022,1022,1022,1022,1023,1022,1023
1023,1017,1011,938,935,943,952,960,967,1023
1021,1020,1012,893,891,912,936,952,966,1023
1016,1019,1013,986,983,988,997,1002,1007,1020
1021,1020,1011,974,967,972,987,995,1000,1023
1021,1016,1015,1005,1005,1005,1011,1013,1013,1020
1022,1020,1016,1008,1006,1009,1013,1014,1017,1020
1021,1018,1010,1000,1000,1002,1001,1003,1005,1020
1021,1017,1010,997,996,996,998,1000,1003,1019
1019,1021,1018,1010,1012,1011,1015,1015,1016,1022
1023,1023,1022,1022,1021,1022,1022,1022,1022,1023
1022,1017,1009,940,936,943,951,960,969,1021
1022,1019,1012,894,891,909,933,953,965,1021
1017,1017,1014,985,983,985,997,1001,1005,1022
1020,1020,1014,974,968,974,991,994,1000,1021
1018,1020,1014,1005,1003,1007,1011,1013,1016,1019
1021,1020,1017,1008,1008,1009,1011,1014,1016,1022
1022,1017,1009,1001,999,1000,1003,1003,1005,1020
1022,1018,1009,996,995,998,999,1001,1004,1017
1022,1021,1017,1011,1012,1010,1013,1013,1016,1022
1023,1023,1022,1022,1022,1021,1022,1022,1021,1023
1021,1018,1009,940,936,943,952,960,969,1022
1023,1022,1011,894,891,909,934,951,967,1022
1019,1015,1014,984,985,986,998,1002,1006,1020
1020,1020,1014,974,967,972,989,994,1001,1022
1020,1020,1015,1006,1003,1005,1011,1012,1015,1019
1020,1020,1016,1007,1007,1010,1012,1014,1016,1022
1021,1019,1010,1001,1000,1001,1003,1005,1006,1019
1021,1018,1010,996,997,995,998,1001,1003,1021
1021,1019,1019,1011,1013,1012,1014,1015,1014,1023
1023,1023,1021,1022,1020,1022,1023,1022,1022,1023
1023,1020,1009,939,935,943,952,959,969,1021
1023,1019,1012,893,892,911,936,952,966,1023
1019,1017,1015,985,983,987,998,1003,1006,1021
1022,1019,1013,976,968,974,989,994,1001,1020
1019,1019,1016,1005,1002,1006,1012,1012,1015,1021
1021,1019,1017,1007,1006,1008,1013,1015,1015,1020
1021,1018,1009,999,1002,1001,1002,1004,1005,1021
1022,1017,1011,995,997,996,1000,1003,1003,1021
1022,1020,1017,1013,1011,1012,1013,1013,1015,1020
1023,1023,1020,1022,1021,1023,1021,1021,1023,1023
1023,1019,1010,937,937,943,952,960,969,1021
1021,1018,1014,893,892,910,934,953,966,1023
1018,1018,1010,987,983,988,999,1002,1007,1020
1022,1020,1012,974,967,975,988,995,1002,1022
1020,1019,1015,1005,1004,1006,1010,1012,1014,1022
1021,1018,1017,1009,1006,1009,1012,1014,1016,1021
1020,1017,1011,1000,1002,1001,1001,1004,1005,1021
1021,1019,1011,997,995,996,1000,1001,1002,1020
1021,1021,1016,1013,1011,1013,1013,1014,1017,1018
1023,1023,1022,1021,1022,1021,1021,1022,1021,1023
1022,1016,1013,939,936,942,953,962,966,1023
1021,1020,1012,894,891,909,935,953,966,1023
1020,1018,1013,985,984,987,996,1000,1008,1020
1022,1018,1016,973,970,975,989,995,999,1023
1020,1016,1016,1005,1004,1005,1010,1014,1015,1021
1019,1020,1015,1010,1008,1007,1013,1014,1016,1018
1019,1019,1008,1000,999,1002,1002,1003,1005,1020
1023,1019,1009,997,996,997,999,1001,1004,1020
1023,1018,1019,1011,1012,1011,1012,1014,1015,1022
1023,1023,1021,1023,1021,1022,1022,1021,1022,1023
1018,1020,1010,939,935,942,953,959,969,1021
1023,1022,1012,893,891,911,934,952,966,1023
1020,1016,1015,985,984,988,998,1002,1006,1022
1022,1019,1013,974,971,974,989,996,1001,1023
1018,1019,1014,1006,1002,1006,1011,1012,1016,1019
1021,1019,1015,1008,1006,1010,1013,1015,1017,1022
1020,1020,1010,1001,1001,1002,1002,1004,1005,1020
1021,1018,1012,995,998,998,999,1001,1002,1023
1020,1020,1018,1012,1012,1012,1014,1014,1014,1019
1023,1023,1020,1022,1021,1021,1022,1021,1023,1022
1023,1020,1010,937,936,942,952,960,968,1022
1023,1020,1014,894,892,911,935,954,963,1022
1019,1018,1013,986,984,986,998,1001,1007,1021
1019,1020,1014,974,969,974,991,994,1002,1022
1020,1019,1016,1005,1001,1006,1011,1012,1015,1019
1020,1019,1015,1007,1007,1009,1012,1014,1015,1023
1017,1017,1011,999,1001,1001,1002,1004,1004,1022
1022,1017,1009,997,997,995,1001,1002,1003,1020
1020,1020,1016,1012,1011,1012,1013,1015,1015,1018
1023,1023,1021,1022,1020,1023,1022,1021,1022,1021
1023,1019,1012,938,935,943,951,961,967,1023
1023,1019,1011,893,892,909,934,953,967,1023
1018,1019,1012,986,984,987,1000,1001,1007,1019
1023,1020,1014,974,968,973,988,996,1001,1022
1021,1015,1017,1004,1004,1005,1010,1015,1015,1019
1021,1018,1014,1009,1007,1009,1012,1013,1016,1020
1018,1017,1010,1001,1001,1000,1001,1004,1006,1021
1022,1020,1008,997,996,997,1000,999,1005,1021
1022,1020,1019,1012,1011,1013,1014,1014,1014,1021
1023,1022,1022,1022,1022,1022,1021,1022,1022,1023
1023,1019,1009,939,937,942,952,960,969,1023
1019,1023,1011,893,892,909,935,951,967,1021
1019,1017,1014,985,983,987,998,1003,1006,1021
1023,1019,1014,974,969,975,989,995,1001,1022
1021,1019,1014,1006,1005,1005,1011,1012,1016,1021
1020,1019,1014,1008,1005,1009,1011,1014,1016,1019
1020,1019,1009,999,999,1001,1003,1004,1005,1020
1022,1018,1011,996,995,997,999,1001,1002,1019
1021,1019,1016,1011,1012,1013,1013,1015,1014,1023
1022,1023,1021,1022,1023,1023,1022,1022,1022,1023
1023,1020,1010,939,936,942,952,959,970,1021
1023,1018,1014,893,890,911,935,953,966,1023
1019,1017,1014,986,984,988,998,1003,1006,1021
1022,1020,1012,974,969,973,989,995,1001,1023
1019,1017,1015,1005,1002,1006,1011,1012,1015,1019
1021,1018,1017,1008,1007,1007,1011,1015,1016,1020
1018,1017,1011,1001,1000,1001,1001,1005,1004,1020
1020,1017,1009,995,996,997,999,1002,1003,1022
1019,1020,1018,1013,1012,1010,1013,1013,1015,1020
1023,1023,1022,1022,1022,1021,1022,1021,1022,1020
1023,1018,1012,939,935,943,952,961,968,1022
1023,1020,1012,893,892,910,934,952,966,1023
1017,1017,1011,985,984,987,996,1002,1007,1020
1020,1019,1015,974,969,974,990,995,1001,1022
1020,1017,1018,1004,1003,1005,1010,1013,1014,1018
1022,1021,1016,1008,1007,1008,1012,1012,1015,1020
1018,1018,1009,999,1000,1001,1003,1005,1004,1021
1021,1020,1010,998,996,997,999,1001,1004,1018
1021,1018,1018,1012,1011,1011,1014,1015,1015,1021
1023,1023,1022,1020,1021,1023,1022,1021,1021,1023
1021,1020,1009,937,936,942,952,960,968,1023
1023,1022,1008,893,892,911,935,952,968,1023
1019,1018,1012,986,983,987,999,1003,1006,1021
1023,1017,1014,973,970,974,988,996,999,1023
1019,1020,1015,1003,1005,1005,1010,1011,1014,1020
1019,1020,1017,1009,1005,1007,1013,1013,1014,1022
1016,1018,1009,1001,1001,1000,1004,1004,1006,1020
1022,1018,1010,996,995,997,1000,1002,1003,1020
1023,1018,1019,1011,1011,1012,1014,1015,1014,1021
1023,1023,1021,1021,1023,1022,1021,1022,1023,1023
1021,1021,1010,939,935,943,953,958,970,1023
1023,1019,1013,894,890,909,936,954,967,1022
1021,1018,1015,985,983,988,997,1003,1006,1020
1022,1022,1015,974,972,974,989,995,1000,1022
1020,1018,1013,1005,1003,1005,1012,1011,1015,1021
1021,1019,1016,1009,1007,1007,1012,1013,1015,1022
1019,1018,1011,1001,1000,1001,1002,1005,1005,1020
1022,1018,1012,996,997,997,999,1002,1002,1020
1020,1021,1016,1010,1013,1012,1013,1013,1016,1023
1023,1023,1020,1023,1022,1020,1023,1020,1021,1023
1023,1018,1010,939,935,943,952,961,969,1022
1023,1020,1012,894,893,911,933,953,966,1021
1018,1019,1014,984,983,987,998,1002,1005,1020
1021,1021,1013,974,968,973,990,995,1001,1023
1023,1017,1016,1006,1004,1006,1009,1013,1016,1021
1019,1018,1017,1007,1006,1009,1014,1015,1016,1020
1017,1018,1011,1000,1000,1001,1001,1005,1004,1020
1020,1020,1009,996,996,998,999,1000,1004,1021
1021,1022,1015,1013,1013,1011,1014,1013,1016,1023
1023,1022,1022,1022,1022,1022,1022,1023,1022,1023
1023,1019,1013,938,936,943,951,960,967,1023
1021,1019,1014,894,893,910,935,952,965,1022
1019,1018,1011,986,983,987,999,1001,1008,1023
1023,1020,1014,975,968,974,988,994,1001,1023
1020,1017,1016,1005,1004,1006,1011,1014,1014,1020
1020,1020,1016,1007,1007,1008,1013,1014,1016,1022
1018,1019,1009,1000,999,1000,1003,1004,1006,1022
1023,1019,1011,999,996,996,1000,1000,1003,1020
1022,1017,1018,1012,1012,1014,1012,1016,1015,1020
1022,1023,1021,1020,1021,1023,1021,1022,1022,1023
1020,1020,1011,938,937,941,953,959,967,1023
1023,1018,1007,893,892,910,935,953,967,1023
1019,1016,1014,986,983,989,995,1002,1006,1020
1020,1020,1016,975,970,975,989,995,1000,1022
1020,1019,1016,1006,1004,1004,1011,1011,1014,1022
1023,1019,1015,1009,1007,1009,1012,1013,1016,1021
1019,1017,1010,1001,1001,1000,1002,1004,1006,1021
1020,1018,1010,997,996,998,998,1002,1003,1020
1020,1022,1019,1011,1012,1012,1014,1014,1014,1021
1023,1023,1021,1022,1022,1022,1022,1021,1022,1023
1023,1018,1010,939,937,943,951,961,969,1023
1023,1020,1015,892,891,911,934,952,967,1021
1018,1018,1012,985,983,985,999,1002,1006,1021
1022,1020,1012,973,970,974,989,993,999,1021
1020,1018,1016,1007,1002,1006,1010,1012,1014,1018
1021,1017,1017,1007,1007,1009,1012,1016,1017,1022
1014,1015,1010,1001,1000,1002,1001,1005,1005,1019
1021,1018,1012,995,996,996,998,1001,1002,1020
1023,1021,1017,1012,1013,1011,1014,1014,1015,1023
1023,1023,1019,1022,1021,1022,1021,1022,1023,1023
1023,1019,1010,938,934,943,952,960,969,1021
1021,1019,1012,893,892,910,936,954,967,1023
1019,1018,1013,984,984,987,998,1002,1005,1021
1023,1019,1014,975,969,975,988,995,1001,1021
1020,1017,1014,1005,1003,1006,1010,1014,1017,1021
1018,1020,1017,1008,1008,1007,1012,1014,1014,1020
1019,1018,1011,999,1002,1001,1003,1004,1005,1021
1023,1021,1008,995,997,995,1000,1001,1002,1019
1022,1020,1016,1011,1010,1013,1011,1013,1015,1019
1023,1023,1023,1022,1021,1022,1022,1023,1022,1023
1021,1020,1014,938,937,942,952,961,968,1022
1023,1022,1012,894,892,909,935,951,967,1023
1020,1018,1012,986,984,989,998,1002,1006,1021
1023,1019,1014,974,968,974,987,994,1002,1021
1020,1017,1017,1005,1003,1005,1010,1014,1015,1019
1019,1019,1015,1007,1007,1009,1014,1014,1016,1022
1019,1018,1009,1000,1001,1000,1003,1004,1005,1022
1021,1017,1008,996,996,997,999,1001,1004,1019
1020,1019,1019,1012,1010,1012,1012,1013,1015,1020
1021,1023,1023,1022,1021,1020,1022,1023,1021,1023
1023,1020,1010,938,937,941,952,960,968,1023
1023,1023,1012,894,892,911,935,951,967,1023
1018,1017,1014,986,983,988,998,1002,1006,1020
1021,1021,1015,973,970,973,990,996,999,1022
1020,1019,1015,1005,1003,1006,1010,1013,1015,1021
1019,1020,1017,1010,1006,1010,1013,1014,1017,1021
1017,1017,1009,1001,1001,1002,1002,1003,1006,1021
1020,1018,1011,996,994,996,999,1001,1003,1020
1020,1021,1019,1010,1011,1011,1013,1014,1013,1021
1023,1023,1020,1022,1021,1023,1021,1022,1023,1023
1021,1020,1012,938,936,944,952,960,968,1023
1021,1018,1013,895,891,910,934,953,967,1020
1018,1017,1012,985,983,988,999,1004,1007,1021
1022,1021,1013,974,969,974,989,994,1000,1022
1020,1019,1018,1007,1001,1006,1009,1012,1014,1020
1020,1017,1015,1008,1008,1009,1012,1014,1017,1020
1019,1018,1012,1001,1001,1000,1002,1004,1005,1019
1022,1019,1010,995,997,997,1001,1001,1003,1021
1022,1022,1016,1011,1013,1011,1013,1013,1015,1021
1023,1022,1021,1023,1022,1023,1021,1022,1021,1023
1021,1017,1011,938,937,941,951,961,968,1019
1021,1020,1013,892,893,910,935,953,966,1023
1017,1019,1012,986,984,988,998,1002,1007,1020
1022,1020,1012,974,968,974,988,993,1002,1021
1022,1017,1016,1005,1004,1004,1010,1012,1015,1020
1019,1018,1016,1008,1008,1008,1013,1015,1014,1020
1016,1018,1010,1000,1001,1000,1004,1005,1005,1020
1023,1019,1009,996,997,997,999,1001,1004,1021
1020,1021,1015,1012,1011,1014,1012,1014,1016,1020
1022,1023,1023,1023,1022,1022,1022,1022,1022,1023
1023,1019,1013,938,936,941,951,960,967,1023
1023,1023,1011,894,891,909,936,953,967,1023
1019,1020,1013,986,983,988,997,1002,1008,1020
1022,1017,1014,975,970,974,988,995,1000,1021
1021,1018,1015,1004,1004,1005,1011,1014,1014,1021
1020,1020,1016,1008,1007,1008,1013,1014,1016,1020
1018,1020,1011,1000,1001,1000,1002,1003,1005,1020
1020,1018,1009,997,994,997,999,1000,1005,1020
1020,1019,1018,1012,1012,1011,1012,1014,1014,1022
1022,1023,1022,1021,1022,1022,1022,1022,1021,1023
1023,1020,1009,938,936,942,951,960,969,1023
1023,1021,1013,894,891,910,934,951,966,1023
1019,1017,1013,985,985,988,998,1003,1008,1020
1021,1019,1016,974,968,973,988,996,998,1023
1019,1020,1015,1006,1003,1004,1011,1011,1014,1021
1022,1021,1016,1009,1008,1010,1012,1014,1015,1021
1018,1017,1009,1000,1000,1001,1002,1002,1005,1020
1020,1017,1012,996,997,996,998,1001,1003,1020
1020,1022,1015,1012,1012,1012,1014,1014,1015,1021
1023,1023,1020,1021,1023,1022,1023,1022,1022,1023
1023,1019,1011,939,935,943,951,961,968,1022
1021,1019,1011,893,892,911,934,953,967,1023
1019,1018,1014,984,982,986,998,1002,1006,1023
1020,1019,1013,974,969,974,991,996,1000,1023
1021,1017,1015,1006,1003,1006,1011,1012,1016,1020
1021,1019,1016,1008,1009,1008,1012,1014,1016,1021
1017,1017,1012,1000,1001,1001,1002,1005,1005,1019
1020,1018,1010,996,996,996,1000,1002,1003,1020
1021,1021,1015,1013,1011,1012,1014,1013,1016,1022
1023,1023,1022,1022,1022,1023,1022,1022,1022,1022
1020,1018,1011,938,937,943,951,960,969,1022
1021,1023,1013,893,891,909,934,953,965,1023
1018,1018,1013,986,982,988,999,1001,1007,1020
1023,1018,1013,974,969,975,989,995,1000,1020
1021,1019,1016,1004,1005,1004,1009,1012,1015,1021
1020,1020,1017,1009,1008,1009,1012,1013,1014,1021
1019,1019,1010,999,1001,1000,1003,1003,1004,1022
1022,1019,1011,997,996,997,1000,1000,1003,1020
1022,1018,1015,1013,1012,1012,1014,1015,1016,1019
1023,1023,1022,1022,1023,1021,1021,1022,1022,1023
1021,1020,1011,939,937,942,951,960,968,1023
1023,1021,1011,895,891,911,935,953,966,1023
1021,1017,1013,986,983,987,998,1001,1007,1021
1023,1019,1015,973,969,974,988,994,1001,1023
1019,1016,1016,1004,1003,1005,1011,1013,1014,1020
1021,1021,1015,1009,1005,1008,1012,1013,1017,1020
1018,1019,1011,1001,1000,1002,1004,1004,1005,1021
1021,1019,1010,998,996,997,999,1000,1004,1019
1019,1019,1017,1011,1012,1010,1011,1013,1013,1021
1021,1023,1023,1022,1021,1021,1022,1021,1021,1023
1023,1019,1012,939,934,942,952,959,968,1022
1023,1021,1010,894,890,911,935,952,967,1022
1019,1018,1015,985,985,989,997,1002,1006,1023
1021,1019,1015,975,970,973,989,996,1000,1021
1021,1019,1015,1006,1002,1005,1011,1011,1015,1019
1022,1019,1015,1009,1007,1009,1012,1014,1015,1020
1018,1018,1009,1000,1002,1000,1002,1004,1005,1021
1021,1018,1013,995,998,996,999,1002,1002,1021
1020,1019,1015,1012,1011,1011,1013,1014,1015,1021
1023,1023,1019,1023,1020,1022,1021,1020,1022,1022
1023,1020,1011,938,935,942,951,959,968,1022
1023,1018,1014,892,891,910,934,953,964,1023
1020,1018,1012,986,983,987,998,1002,1005,1019
1022,1022,1014,975,968,974,990,993,1001,1022
1019,1017,1017,1005,1004,1006,1011,1013,1015,1022
1021,1019,1016,1008,1007,1009,1012,1014,1015,1021
1020,1017,1011,1001,1002,1001,1002,1005,1004,1021
1021,1020,1010,997,995,995,1000,1002,1004,1020
1021,1019,1018,1010,1011,1012,1012,1013,1016,1021
1021,1023,1021,1021,1021,1023,1022,1022,1021,1023
1020,1019,1011,938,936,942,950,960,967,1023
1023,1022,1011,894,891,909,933,952,967,1021
1019,1017,1013,985,982,988,997,1001,1007,1022
1023,1018,1014,974,970,973,989,995,1000,1022
1019,1018,1016,1006,1005,1006,1011,1012,1014,1021
1021,1019,1015,1009,1007,1008,1013,1014,1017,1019
1017,1018,1008,1001,999,1000,1004,1004,1006,1020
1021,1019,1009,997,997,997,999,1001,1004,1022
1022,1019,1019,1012,1011,1012,1013,1013,1015,1022
1023,1023,1020,1023,1021,1021,1023,1022,1021,1023
1020,1021,1008,939,936,941,952,959,969,1020
1023,1021,1012,893,890,911,934,952,967,1022
1019,1016,1014,986,983,988,996,1003,1005,1021
1021,1020,1013,975,969,974,989,994,1000,1022
1020,1019,1015,1006,1003,1005,1011,1012,1014,1021
1022,1019,1018,1008,1007,1009,1012,1013,1015,1021
1018,1017,1010,1000,1001,1003,1003,1004,1006,1020
1021,1018,1012,995,998,996,998,1002,1002,1023
1022,1019,1016,1013,1011,1011,1013,1014,1015,1020
1023,1023,1021,1021,1022,1021,1023,1019,1023,1023
1023,1019,1013,938,935,942,952,960,969,1023
1023,1020,1013,895,891,911,934,953,966,1022
1018,1017,1012,985,984,988,996,1002,1008,1021
1023,1020,1013,974,969,972,989,994,1002,1022
1021,1017,1017,1005,1004,1005,1010,1012,1013,1020
1022,1018,1015,1008,1008,1009,1012,1014,1016,1022
1017,1018,1011,999,1001,1000,1001,1004,1004,1021
1022,1017,1010,996,995,995,998,1001,1003,1018
1022,1021,1016,1012,1010,1012,1015,1012,1016,1022
1023,1023,1022,1021,1021,1023,1022,1022,1022,1023
1023,1018,1014,939,935,943,951,960,968,1023
1023,1020,1012,894,892,910,935,953,967,1023
1019,1018,1013,984,983,987,997,1001,1005,1019
1021,1019,1016,975,969,973,989,994,1000,1021
1021,1017,1015,1004,1003,1006,1010,1013,1015,1020
1020,1020,1015,1008,1008,1008,1013,1014,1015,1022
1022,1018,1008,1001,1000,1001,1003,1004,1005,1019
1022,1018,1011,997,994,996,999,1000,1004,1017
1018,1020,1018,1011,1010,1013,1012,1013,1015,1023
1022,1023,1020,1022,1022,1022,1020,1023,1022,1023
1023,1020,1011,939,937,941,951,960,969,1022
1023,1021,1013,894,892,910,936,951,966,1023
1020,1017,1015,985,983,987,997,1003,1005,1023
1023,1021,1014,973,966,974,986,995,1000,1022
1019,1019,1014,1006,1004,1005,1010,1012,1015,1019
1021,1019,1016,1009,1006,1008,1012,1013,1016,1021
1020,1018,1010,1000,1001,1001,1004,1004,1006,1020
1021,1018,1011,994,994,997,998,1001,1001,1022
1020,1019,1017,1012,1012,1011,1012,1014,1015,1020
1022,1023,1020,1022,1022,1022,1022,1020,1023,1020
1023,1020,1012,939,936,942,953,960,968,1022
1023,1018,1014,894,891,911,933,954,964,1023
1018,1018,1012,985,983,988,997,1004,1007,1022
1021,1020,1014,972,970,974,989,994,1002,1022
1021,1017,1016,1006,1002,1005,1010,1012,1014,1020
1021,1018,1016,1008,1006,1009,1010,1015,1015,1022
1020,1018,1010,999,1000,1001,1002,1004,1004,1021
1021,1018,1010,996,998,997,999,1001,1001,1021
1022,1021,1017,1013,1012,1011,1013,1013,1015,1019
1023,1023,1023,1022,1021,1022,1022,1022,1022,1023
1022,1018,1012,939,937,943,951,960,967,1023
1022,1021,1011,893,891,911,935,953,967,1023
1019,1018,1014,986,983,987,999,1001,1007,1020
1022,1018,1015,975,969,975,989,995,999,1021
1021,1020,1016,1005,1002,1006,1008,1013,1014,1020
1021,1020,1017,1008,1007,1010,1012,1012,1017,1021
1021,1017,1010,1001,1001,1001,1003,1005,1005,1019
1021,1019,1009,997,997,996,1001,1000,1003,1020
1022,1019,1019,1012,1011,1010,1014,1014,1014,1020
1023,1023,1023,1022,1023,1023,1021,1023,1021,1023
1021,1021,1009,937,936,942,952,959,968,1023
1023,1023,1012,894,893,911,935,952,967,1023
1019,1015,1015,986,983,987,998,1004,1006,1021
1023,1019,1013,974,966,974,988,995,1000,1023
1019,1020,1016,1004,1002,1005,1011,1011,1014,1021
1021,1019,1015,1009,1008,1008,1012,1014,1018,1021
1022,1019,1008,1000,1001,1001,1003,1004,1006,1022
1023,1016,1011,997,996,996,999,1002,1003,1019
1022,1019,1018,1011,1011,1012,1012,1014,1014,1022
1022,1023,1020,1020,1022,1022,1022,1022,1023,1023
1022,1022,1011,938,935,941,952,958,967,1023
1023,1020,1009,893,891,909,934,953,967,1021
1019,1018,1013,986,982,988,997,1002,1007,1021
1023,1020,1016,975,968,974,987,994,1000,1023
1020,1020,1013,1003,1002,1006,1011,1012,1016,1021
1023,1019,1017,1009,1007,1008,1011,1015,1016,1020
1022,1016,1011,1000,1001,1001,1003,1006,1004,1020
1021,1019,1012,996,995,997,999,1002,1003,1022
1022,1020,1015,1012,1012,1011,1013,1012,1016,1022
1023,1023,1021,1023,1023,1021,1023,1021,1021,1022
1023,1018,1011,938,935,942,952,960,968,1022
1023,1019,1014,895,892,911,934,953,966,1022
1018,1019,1012,985,984,988,997,1002,1007,1023
1019,1021,1014,973,966,974,990,994,1002,1023
1021,1019,1015,1007,1003,1004,1009,1012,1014,1019
1021,1018,1016,1008,1007,1010,1012,1015,1015,1020
1020,1017,1010,1000,1001,1001,1003,1004,1004,1020
1022,1020,1010,996,996,996,1000,1001,1004,1023
1023,1020,1017,1012,1011,1011,1014,1013,1016,1020
1023,1021,1022,1023,1022,1021,1022,1023,1022,1022
1021,1020,1011,938,935,943,951,960,968,1023
1023,1022,1014,894,892,911,935,952,966,1023
1017,1017,1011,985,983,987,997,1002,1008,1019
1023,1018,1014,973,969,972,988,995,1001,1020
1020,1017,1017,1004,1002,1006,1009,1012,1014,1021
1020,1020,1016,1008,1008,1008,1013,1013,1016,1021
1020,1019,1009,1000,1002,1002,1003,1004,1006,1021
1022,1018,1011,997,996,995,1000,1002,1003,1020
1021,1018,1019,1012,1011,1012,1012,1014,1015,1021
1022,1023,1021,1021,1021,1022,1023,1021,1022,1023
1022,1020,1011,938,937,942,952,960,969,1023
1023,1020,1011,894,892,908,935,953,966,1021
1019,1016,1014,985,983,987,996,1003,1006,1019
1021,1019,1014,974,968,975,989,995,1000,1023
1019,1020,1017,1004,1004,1004,1011,1010,1015,1021
1022,1019,1015,1008,1007,1008,1012,1014,1016,1020
1022,1017,1010,1001,1001,999,1003,1004,1004,1018
1021,1016,1011,997,995,996,999,1002,1003,1021
1020,1021,1019,1011,1009,1012,1014,1013,1015,1023
1023,1023,1021,1022,1023,1021,1023,1021,1023,1022
1023,1020,1008,939,936,942,952,961,970,1020
1023,1022,1012,895,892,912,934,953,967,1022
1017,1018,1014,985,982,986,997,1002,1005,1020
1022,1021,1016,974,970,973,989,994,1000,1023
1022,1019,1016,1005,1003,1004,1010,1011,1016,1022
1022,1018,1016,1008,1006,1009,1012,1015,1015,1020
1020,1017,1009,1001,1001,1001,1002,1005,1006,1019
1021,1019,1011,997,995,997,998,1001,1003,1021
1022,1021,1019,1011,1011,1010,1014,1012,1015,1020
1023,1023,1020,1022,1022,1021,1021,1022,1022,1023
1023,1020,1011,938,934,943,949,960,969,1022
1022,1019,1012,895,891,911,934,954,966,1021
1019,1019,1014,986,984,987,998,1002,1006,1021
1021,1021,1015,973,969,972,988,995,1002,1023
1021,1018,1014,1005,1002,1006,1011,1013,1016,1019
1021,1019,1015,1008,1007,1007,1013,1013,1013,1021
1020,1017,1010,1001,1001,1002,1003,1004,1005,1019
1022,1019,1011,996,996,997,1001,1000,1003,1022
1023,1020,1017,1011,1012,1011,1012,1013,1015,1020
1023,1023,1021,1022,1021,1023,1020,1021,1022,1021
1022,1020,1011,938,935,943,952,960,969,1022
1023,1021,1013,893,891,910,935,952,964,1023
1019,1019,1013,986,984,987,998,1003,1008,1020
1023,1020,1014,973,967,974,987,996,1002,1023
1019,1017,1017,1005,1002,1005,1011,1011,1013,1021
1017,1019,1016,1008,1007,1008,1014,1013,1016,1022
1022,1020,1012,1001,1002,1001,1004,1003,1006,1021
1023,1018,1010,996,998,997,999,1001,1004,1019
1022,1019,1017,1012,1011,1012,1012,1015,1015,1020
1022,1023,1021,1021,1022,1022,1021,1021,1021,1023
1023,1020,1011,937,937,942,952,960,968,1020
1021,1022,1012,894,893,911,936,953,969,1023
1020,1018,1013,987,983,988,996,1002,1007,1022
1022,1017,1015,975,970,974,989,996,1000,1021
1020,1018,1016,1002,1004,1004,1012,1013,1015,1022
1023,1021,1016,1007,1007,1009,1011,1012,1015,1022
1020,1018,1009,1001,1001,1001,1001,1005,1006,1020
1022,1017,1009,996,994,997,999,1003,1003,1019
1020,1019,1018,1011,1011,1012,1013,1014,1013,1022
1023,1023,1021,1022,1022,1020,1022,1020,1021,1022
1022,1020,1012,938,937,942,952,959,968,1023
1023,1021,1013,895,891,912,934,954,968,1022
1017,1017,1013,985,983,988,997,1004,1007,1021
1021,1020,1015,973,970,974,991,996,1001,1023
1020,1018,1017,1004,1003,1006,1010,1012,1015,1020
1022,1019,1014,1009,1005,1010,1013,1013,1016,1019
1020,1018,1010,1002,999,1002,1002,1004,1005,1020
1020,1017,1009,996,996,997,1000,1001,1002,1020
1023,1020,1017,1011,1013,1011,1013,1014,1015,1022
1023,1023,1021,1022,1023,1021,1021,1021,1021,1023
1022,1019,1008,939,936,942,951,958,969,1021
1023,1021,1011,893,891,910,935,953,965,1023
1018,1018,1014,985,984,987,997,1002,1006,1020
1022,1021,1014,975,969,975,988,993,1001,1022
1021,1020,1015,1005,1002,1006,1010,1014,1015,1021
1020,1018,1017,1008,1009,1008,1012,1015,1016,1022
1020,1017,1010,1001,1000,1001,1003,1005,1004,1020
1023,1019,1010,995,998,997,1000,1001,1004,1022
1020,1021,1019,1012,1011,1013,1012,1013,1015,1022
1023,1023,1021,1023,1021,1022,1022,1021,1022,1021
1023,1020,1009,938,934,941,951,961,969,1023
1021,1017,1015,892,892,909,936,952,966,1023
1019,1017,1013,985,983,989,997,1001,1006,1022
1023,1022,1012,972,968,975,989,996,1002,1022
1020,1018,1015,1004,1004,1003,1010,1012,1014,1022
1021,1019,1017,1008,1008,1008,1014,1013,1016,1022
1023,1018,1009,1000,1002,1001,1003,1004,1005,1021
1022,1018,1009,997,995,998,999,1001,1003,1020
1021,1021,1018,1012,1012,1012,1013,1014,1014,1021
1023,1023,1023,1022,1021,1021,1023,1022,1021,1023
1021,1019,1012,938,937,941,953,960,969,1023
1021,1023,1015,893,891,911,935,952,967,1023
1019,1019,1011,987,983,989,998,1002,1007,1021
1022,1017,1015,974,969,972,987,996,1000,1023
1021,1018,1016,1004,1004,1005,1011,1012,1014,1020
1020,1018,1016,1009,1006,1010,1013,1013,1016,1022
1021,1019,1009,1000,1000,1002,1002,1004,1007,1021
1022,1019,1010,997,995,996,998,1001,1003,1019
1022,1018,1018,1012,1012,1012,1013,1015,1013,1020
1023,1023,1022,1021,1022,1021,1023,1022,1022,1023
1023,1020,1012,938,935,942,952,958,969,1021
1023,1023,1010,893,891,912,934,952,968,1021
1019,1017,1015,985,984,988,996,1004,1006,1020
1020,1018,1014,973,969,973,988,993,1000,1023
1020,1019,1016,1005,1001,1007,1011,1011,1015,1019
1021,1020,1016,1009,1008,1008,1010,1014,1016,1020
1022,1018,1010,1002,1000,1000,1002,1004,1006,1021
1021,1016,1010,998,997,996,1000,1001,1003,1020
1020,1023,1017,1011,1012,1012,1012,1014,1015,1023
1023,1023,1022,1022,1020,1022,1022,1021,1022,1023
1022,1020,1008,939,937,942,951,960,969,1021
1023,1020,1013,894,892,909,934,953,966,1023
1018,1016,1013,984,982,987,998,1003,1006,1022
1022,1019,1014,976,968,975,989,994,1000,1021
1021,1020,1014,1005,1003,1004,1009,1012,1015,1020
1022,1019,1018,1007,1007,1008,1011,1014,1016,1023
